0	0	0	
218.318	1394.64	874.569	
269.15	1719.35	1078.2	
325.259	2077.79	1302.97	
388.01	2478.65	1554.35	
458.44	2928.56	1836.48	
537.526	3433.77	2153.3	
626.264	4000.64	2508.78	
725.699	4635.84	2907.11	
836.945	5346.49	3352.76	
961.192	6140.19	3850.48	
1099.72	7025.12	4405.42	
1253.9	8010.06	5023.07	
1425.22	9104.47	5709.36	
1615.27	10318.5	6470.68	
1825.75	11663.1	7313.86	
2058.51	13150	8246.27	
2315.51	14791.7	9275.81	
2598.88	16601.9	10411	
2910.88	18595	11660.8	
3253.94	20786.5	13035.1	
3630.67	23193.1	14544.3	
4043.85	25832.5	16199.4	
4496.45	28723.8	18012.5	
4991.65	31887.1	19996.3	
5532.84	35344.3	22164.3	
6123.65	39118.5	24531	
6767.92	43234.1	27111.9	
7469.76	47717.6	29923.4	
8233.55	52596.7	32983.1	
9063.93	57901.3	36309.6	
9965.84	63662.8	39922.6	
10944.5	69914.9	43843.2	
12005.6	76693.1	48093.8	
13155	84035.2	52698	
14398.8	91981.3	57681	
15743.9	100574	63069.3	
17197.3	109858	68891.3	
18766.3	119881	75176.7	
20458.9	130693	81957.1	
22283.4	142348	89265.9	
24248.6	154902	97138.6	
26363.9	168415	105612	
0	200550	125764	
0	217674	136502	
0	236067	148036	
0	255809	160416	
0	276985	173696	
0	299686	187932	
0	324005	203182	
0	350041	219509	
0	377899	236979	
0	407689	255659	
0	439525	275624	
0	473529	296947	
0	509827	319710	
0	548554	343995	
0	589848	369891	
0	633857	397489	
0	680734	426885	
0	730640	458181	
0	783743	491481	
0	840220	526898	
0	900256	564546	
0	964043	604547	
0	1.03178e+06	647026	
0	1.10369e+06	692118	
0	1.17998e+06	739958	
0	1.26088e+06	790693	
0	1.34664e+06	844473	
0	1.43751e+06	901455	
0	1.53374e+06	961802	
0	1.63562e+06	1.02569e+06	
0	1.74342e+06	1.09329e+06	
0	1.85744e+06	1.16479e+06	
0	1.97799e+06	1.24039e+06	
0	2.10539e+06	1.32028e+06	
0	2.23999e+06	1.40468e+06	
0	2.38211e+06	1.49381e+06	
0	2.53214e+06	1.58789e+06	
0	2.69044e+06	1.68716e+06	
0	2.85741e+06	1.79187e+06	
0	3.03345e+06	1.90226e+06	
0	3.219e+06	2.01862e+06	
0	3.41448e+06	2.1412e+06	
0	3.62036e+06	2.27031e+06	
0	3.83711e+06	2.40623e+06	
0	4.06523e+06	2.54928e+06	
0	4.30522e+06	2.69978e+06	
0	4.55761e+06	2.85805e+06	
0	4.82296e+06	3.02445e+06	
0	5.10183e+06	3.19933e+06	
0	5.39482e+06	3.38306e+06	
0	5.70254e+06	3.57603e+06	
0	6.02561e+06	3.77863e+06	
0	6.3647e+06	3.99127e+06	
0	6.72049e+06	4.21438e+06	
0	7.09368e+06	4.44841e+06	
0	7.48499e+06	4.6938e+06	
0	7.89518e+06	4.95103e+06	
0	8.32503e+06	5.22058e+06	
0	8.77534e+06	5.50297e+06	
0	9.24694e+06	5.79871e+06	
0	9.7407e+06	6.10834e+06	
0	1.02575e+07	6.43242e+06	
0	1.07982e+07	6.77152e+06	
0	1.13639e+07	7.12624e+06	
0	1.19554e+07	7.49719e+06	
0	1.25739e+07	7.885e+06	
0	1.32202e+07	8.29032e+06	
0	1.38955e+07	8.71383e+06	
0	1.4601e+07	9.15621e+06	
0	1.53377e+07	9.6182e+06	
0	1.61068e+07	1.01005e+07	
0	1.69096e+07	1.06039e+07	
0	1.77472e+07	1.11292e+07	
0	1.86211e+07	1.16772e+07	
0	1.95324e+07	1.22487e+07	
0	2.04825e+07	1.28445e+07	
0	2.1473e+07	1.34656e+07	
0	2.25051e+07	1.41128e+07	
0	2.35804e+07	1.47872e+07	
0	2.47005e+07	1.54895e+07	
0	2.58668e+07	1.62209e+07	
0	2.7081e+07	1.69824e+07	
0	2.83448e+07	1.77749e+07	
0	2.96599e+07	1.85996e+07	
0	3.1028e+07	1.94575e+07	
0	3.2451e+07	2.03498e+07	
0	3.39306e+07	2.12777e+07	
0	3.54688e+07	2.22423e+07	
0	3.70675e+07	2.32448e+07	
0	3.87288e+07	2.42866e+07	
0	4.04546e+07	2.53689e+07	
0	4.22472e+07	2.6493e+07	
0	4.41086e+07	2.76603e+07	
0	4.60411e+07	2.88721e+07	
0	4.80469e+07	3.013e+07	
0	5.01284e+07	3.14353e+07	
0	5.2288e+07	3.27895e+07	
0	5.45281e+07	3.41943e+07	
0	5.68513e+07	3.56511e+07	
0	5.926e+07	3.71616e+07	
0	6.1757e+07	3.87275e+07	
0	6.43449e+07	4.03504e+07	
0	6.70265e+07	4.2032e+07	
0	6.98046e+07	4.37741e+07	
0	7.26821e+07	4.55786e+07	
0	7.5662e+07	4.74472e+07	
0	7.87472e+07	4.9382e+07	
0	8.19409e+07	5.13847e+07	
0	8.52463e+07	5.34575e+07	
0	8.86665e+07	5.56023e+07	
0	9.2205e+07	5.78213e+07	
0	9.58649e+07	6.01164e+07	
0	9.96499e+07	6.249e+07	
0	1.03563e+08	6.49441e+07	
0	1.07609e+08	6.74812e+07	
0	1.11791e+08	7.01034e+07	
0	1.16112e+08	7.28131e+07	
0	1.20576e+08	7.56128e+07	
0	1.25188e+08	7.85049e+07	
0	1.29951e+08	8.14919e+07	
0	1.3487e+08	8.45763e+07	
0	1.39948e+08	8.77608e+07	
0	1.4519e+08	9.10481e+07	
0	1.506e+08	9.44408e+07	
0	1.56183e+08	9.79417e+07	
0	1.61943e+08	1.01554e+08	
0	1.67884e+08	1.05279e+08	
0	1.74012e+08	1.09122e+08	
0	1.80331e+08	1.13085e+08	
0	1.86846e+08	1.1717e+08	
0	1.93562e+08	1.21382e+08	
0	2.00483e+08	1.25722e+08	
0	2.07616e+08	1.30195e+08	
0	2.14965e+08	1.34803e+08	
0	2.22536e+08	1.39551e+08	
0	2.30333e+08	1.44441e+08	
0	2.38363e+08	1.49476e+08	
0	2.46632e+08	1.54661e+08	
0	2.55144e+08	1.59999e+08	
0	2.63905e+08	1.65494e+08	
0	2.72922e+08	1.71148e+08	
0	2.82201e+08	1.76967e+08	
0	2.91747e+08	1.82953e+08	
0	3.01567e+08	1.89111e+08	
0	3.11667e+08	1.95445e+08	
0	3.22053e+08	2.01958e+08	
0	3.32733e+08	2.08655e+08	
0	3.43712e+08	2.1554e+08	
0	3.54997e+08	2.22617e+08	
0	3.66596e+08	2.2989e+08	
0	3.78514e+08	2.37364e+08	
0	3.9076e+08	2.45043e+08	
0	4.03339e+08	2.52932e+08	
0	4.1626e+08	2.61035e+08	
0	4.2953e+08	2.69356e+08	
0	4.43156e+08	2.77901e+08	
0	4.57145e+08	2.86674e+08	
0	4.71507e+08	2.95679e+08	
0	4.86247e+08	3.04923e+08	
0	5.01374e+08	3.14409e+08	
0	5.16896e+08	3.24143e+08	
0	5.32822e+08	3.3413e+08	
0	5.49158e+08	3.44374e+08	
0	5.65915e+08	3.54882e+08	
0	5.83099e+08	3.65658e+08	
0	6.0072e+08	3.76709e+08	
0	6.18786e+08	3.88038e+08	
0	6.37307e+08	3.99652e+08	
0	6.5629e+08	4.11556e+08	
0	6.75745e+08	4.23756e+08	
0	6.95681e+08	4.36258e+08	
0	7.16107e+08	4.49067e+08	
0	7.37033e+08	4.6219e+08	
0	7.58468e+08	4.75631e+08	
0	7.80421e+08	4.89398e+08	
0	8.02902e+08	5.03496e+08	
0	8.25921e+08	5.17931e+08	
0	8.49487e+08	5.32709e+08	
0	8.73611e+08	5.47837e+08	
0	8.98303e+08	5.63321e+08	
0	9.23573e+08	5.79168e+08	
0	9.49431e+08	5.95383e+08	
0	9.75888e+08	6.11974e+08	
0	1.00295e+09	6.28947e+08	
0	1.03064e+09	6.46309e+08	
0	1.05896e+09	6.64066e+08	
0	1.08791e+09	6.82225e+08	
0	1.11752e+09	7.00793e+08	
0	1.1478e+09	7.19777e+08	
0	1.17874e+09	7.39184e+08	
0	1.21038e+09	7.59021e+08	
0	1.24271e+09	7.79295e+08	
0	1.27575e+09	8.00013e+08	
0	1.3095e+09	8.21184e+08	
0	1.344e+09	8.42813e+08	
0	1.37923e+09	8.64908e+08	
0	1.41522e+09	8.87477e+08	
0	1.45198e+09	9.10527e+08	
0	1.48951e+09	9.34066e+08	
0	1.52784e+09	9.58102e+08	
0	1.56697e+09	9.82641e+08	
0	1.60692e+09	1.00769e+09	
0	1.6477e+09	1.03326e+09	
0	1.68932e+09	1.05936e+09	
0	1.73179e+09	1.086e+09	
0	1.77513e+09	1.11317e+09	
0	1.81935e+09	1.1409e+09	
0	1.86446e+09	1.16919e+09	
0	1.91047e+09	1.19805e+09	
0	1.95741e+09	1.22748e+09	
0	2.00527e+09	1.2575e+09	
0	2.05408e+09	1.2881e+09	
0	2.10385e+09	1.31931e+09	
0	2.15459e+09	1.35113e+09	
0	2.20631e+09	1.38357e+09	
0	2.25904e+09	1.41663e+09	
0	2.31277e+09	1.45033e+09	
0	2.36753e+09	1.48467e+09	
0	2.42333e+09	1.51966e+09	
0	2.48019e+09	1.55531e+09	
0	2.53811e+09	1.59163e+09	
0	2.59711e+09	1.62863e+09	
0	2.65721e+09	1.66632e+09	
0	2.71842e+09	1.7047e+09	
0	2.78075e+09	1.74379e+09	
0	2.84421e+09	1.78359e+09	
0	2.90883e+09	1.82411e+09	
0	2.97462e+09	1.86537e+09	
0	3.04159e+09	1.90736e+09	
0	3.10975e+09	1.95011e+09	
0	3.17912e+09	1.99361e+09	
0	3.24972e+09	2.03788e+09	
0	3.32155e+09	2.08293e+09	
0	3.39464e+09	2.12876e+09	
0	3.469e+09	2.17539e+09	
0	3.54463e+09	2.22282e+09	
0	3.62157e+09	2.27107e+09	
0	3.69982e+09	2.32014e+09	
0	3.77939e+09	2.37004e+09	
0	3.86031e+09	2.42078e+09	
0	3.94258e+09	2.47237e+09	
0	4.02622e+09	2.52482e+09	
0	4.11125e+09	2.57815e+09	
0	4.19769e+09	2.63235e+09	
0	4.28553e+09	2.68744e+09	
0	4.37481e+09	2.74342e+09	
0	4.46553e+09	2.80031e+09	
0	4.55772e+09	2.85812e+09	
0	4.65138e+09	2.91686e+09	
0	4.74653e+09	2.97652e+09	
0	4.84319e+09	3.03714e+09	
0	4.94136e+09	3.0987e+09	
0	5.04107e+09	3.16123e+09	
0	5.14234e+09	3.22473e+09	
0	5.24516e+09	3.28922e+09	
0	5.34957e+09	3.35469e+09	
0	5.45557e+09	3.42116e+09	
0	5.56319e+09	3.48864e+09	
0	5.67242e+09	3.55715e+09	
0	5.7833e+09	3.62668e+09	
0	5.89583e+09	3.69724e+09	
0	6.01003e+09	3.76886e+09	
0	6.12591e+09	3.84153e+09	
0	6.24349e+09	3.91526e+09	
0	6.36278e+09	3.99007e+09	
0	6.4838e+09	4.06596e+09	
0	6.60656e+09	4.14294e+09	
0	6.73108e+09	4.22103e+09	
0	6.85737e+09	4.30022e+09	
0	6.98545e+09	4.38054e+09	
0	7.11532e+09	4.46198e+09	
0	7.24701e+09	4.54456e+09	
0	7.38052e+09	4.62829e+09	
0	7.51588e+09	4.71317e+09	
0	7.65309e+09	4.79921e+09	
0	7.79217e+09	4.88643e+09	
0	7.93314e+09	4.97483e+09	
0	8.076e+09	5.06442e+09	
0	8.22077e+09	5.15521e+09	
0	8.36747e+09	5.2472e+09	
0	8.51611e+09	5.34041e+09	
0	8.6667e+09	5.43484e+09	
0	8.81925e+09	5.53051e+09	
0	8.97378e+09	5.62741e+09	
0	9.13031e+09	5.72557e+09	
0	9.28883e+09	5.82498e+09	
0	9.44938e+09	5.92565e+09	
0	9.61195e+09	6.0276e+09	
0	9.77657e+09	6.13083e+09	
0	9.94324e+09	6.23535e+09	
0	1.0112e+10	6.34117e+09	
0	1.02828e+10	6.44829e+09	
0	1.04557e+10	6.55672e+09	
0	1.06307e+10	6.66647e+09	
0	1.08078e+10	6.77754e+09	
0	1.09871e+10	6.88995e+09	
0	1.11685e+10	7.00371e+09	
0	1.1352e+10	7.11881e+09	
0	1.15377e+10	7.23526e+09	
0	1.17256e+10	7.35308e+09	
0	1.19157e+10	7.47227e+09	
0	1.2108e+10	7.59283e+09	
0	1.23024e+10	7.71478e+09	
0	1.24991e+10	7.83812e+09	
0	1.2698e+10	7.96285e+09	
0	1.28991e+10	8.08898e+09	
0	1.31025e+10	8.21653e+09	
0	1.33082e+10	8.34549e+09	
0	1.35161e+10	8.47587e+09	
0	1.37263e+10	8.60767e+09	
0	1.39387e+10	8.74091e+09	
0	1.41535e+10	8.87558e+09	
0	1.43706e+10	9.0117e+09	
0	1.45899e+10	9.14927e+09	
0	1.48116e+10	9.2883e+09	
0	1.50356e+10	9.42878e+09	
0	1.5262e+10	9.57073e+09	
0	1.54907e+10	9.71414e+09	
0	1.57218e+10	9.85903e+09	
0	1.59552e+10	1.00054e+10	
0	1.61909e+10	1.01533e+10	
0	1.64291e+10	1.03026e+10	
0	1.66696e+10	1.04534e+10	
0	1.69125e+10	1.06058e+10	
0	1.71578e+10	1.07596e+10	
0	1.74055e+10	1.09149e+10	
0	1.76556e+10	1.10718e+10	
0	1.79082e+10	1.12301e+10	
0	1.81631e+10	1.139e+10	
0	1.84205e+10	1.15514e+10	
0	1.86802e+10	1.17143e+10	
0	1.89424e+10	1.18787e+10	
0	1.92071e+10	1.20447e+10	
0	1.94742e+10	1.22122e+10	
0	1.97437e+10	1.23812e+10	
0	2.00157e+10	1.25517e+10	
0	2.02901e+10	1.27238e+10	
0	2.0567e+10	1.28974e+10	
0	2.08463e+10	1.30726e+10	
0	2.11281e+10	1.32493e+10	
0	2.14123e+10	1.34276e+10	
0	2.1699e+10	1.36074e+10	
0	2.19882e+10	1.37887e+10	
0	2.22798e+10	1.39716e+10	
0	2.2574e+10	1.4156e+10	
0	2.28705e+10	1.4342e+10	
0	2.31696e+10	1.45295e+10	
0	2.34711e+10	1.47186e+10	
0	2.37751e+10	1.49092e+10	
0	2.40815e+10	1.51014e+10	
0	2.43905e+10	1.52951e+10	
0	2.47019e+10	1.54904e+10	
0	2.50157e+10	1.56872e+10	
0	2.5332e+10	1.58856e+10	
0	2.56508e+10	1.60855e+10	
0	2.59721e+10	1.6287e+10	
0	2.62958e+10	1.649e+10	
0	2.6622e+10	1.66945e+10	
0	2.69506e+10	1.69006e+10	
0	2.72817e+10	1.71082e+10	
0	2.76153e+10	1.73174e+10	
0	2.79512e+10	1.75281e+10	
0	2.82897e+10	1.77403e+10	
0	2.86305e+10	1.79541e+10	
0	2.89738e+10	1.81693e+10	
0	2.93196e+10	1.83861e+10	
0	2.96677e+10	1.86045e+10	
0	3.00183e+10	1.88243e+10	
0	3.03713e+10	1.90457e+10	
0	3.07267e+10	1.92685e+10	
0	3.10845e+10	1.94929e+10	
0	3.14447e+10	1.97188e+10	
0	3.18072e+10	1.99462e+10	
0	3.21722e+10	2.0175e+10	
0	3.25395e+10	2.04054e+10	
0	3.29092e+10	2.06372e+10	
0	3.32813e+10	2.08705e+10	
0	3.36557e+10	2.11053e+10	
0	3.40324e+10	2.13416e+10	
0	3.44115e+10	2.15793e+10	
0	3.47929e+10	2.18185e+10	
0	3.51766e+10	2.20591e+10	
0	3.55627e+10	2.23012e+10	
0	3.5951e+10	2.25447e+10	
0	3.63416e+10	2.27896e+10	
0	3.67344e+10	2.3036e+10	
0	3.71295e+10	2.32837e+10	
0	3.75269e+10	2.35329e+10	
0	3.79265e+10	2.37835e+10	
0	3.83284e+10	2.40355e+10	
0	3.87324e+10	2.42889e+10	
0	3.91387e+10	2.45436e+10	
0	3.95471e+10	2.47998e+10	
0	3.99577e+10	2.50573e+10	
0	4.03705e+10	2.53161e+10	
0	4.07854e+10	2.55763e+10	
0	4.12024e+10	2.58378e+10	
0	4.16216e+10	2.61007e+10	
0	4.20429e+10	2.63649e+10	
0	4.24662e+10	2.66304e+10	
0	4.28917e+10	2.68972e+10	
0	4.33192e+10	2.71652e+10	
0	4.37487e+10	2.74346e+10	
0	4.41803e+10	2.77052e+10	
0	4.46138e+10	2.79771e+10	
0	4.50494e+10	2.82503e+10	
0	4.54869e+10	2.85246e+10	
0	4.59264e+10	2.88002e+10	
0	4.63679e+10	2.90771e+10	
0	4.68112e+10	2.93551e+10	
0	4.72565e+10	2.96343e+10	
0	4.77037e+10	2.99147e+10	
0	4.81527e+10	3.01963e+10	
0	4.86036e+10	3.0479e+10	
0	4.90563e+10	3.07629e+10	
0	4.95108e+10	3.10479e+10	
0	4.99671e+10	3.13341e+10	
0	5.04251e+10	3.16213e+10	
0	5.08849e+10	3.19097e+10	
0	5.13465e+10	3.21991e+10	
0	5.18098e+10	3.24896e+10	
0	5.22747e+10	3.27812e+10	
0	5.27413e+10	3.30738e+10	
0	5.32096e+10	3.33674e+10	
0	5.36794e+10	3.36621e+10	
0	5.41509e+10	3.39578e+10	
0	5.4624e+10	3.42544e+10	
0	5.50986e+10	3.4552e+10	
0	5.55747e+10	3.48506e+10	
0	5.60524e+10	3.51502e+10	
0	5.65315e+10	3.54506e+10	
0	5.70121e+10	3.5752e+10	
0	5.74941e+10	3.60543e+10	
0	5.79776e+10	3.63575e+10	
0	5.84624e+10	3.66615e+10	
0	5.89486e+10	3.69664e+10	
0	5.94362e+10	3.72721e+10	
0	5.99251e+10	3.75787e+10	
0	6.04152e+10	3.78861e+10	
0	6.09066e+10	3.81942e+10	
0	6.13993e+10	3.85032e+10	
0	6.18932e+10	3.88129e+10	
0	6.23882e+10	3.91233e+10	
0	6.28845e+10	3.94345e+10	
0	6.33818e+10	3.97464e+10	
0	6.38803e+10	4.0059e+10	
0	6.43798e+10	4.03723e+10	
0	6.48805e+10	4.06862e+10	
0	6.53821e+10	4.10008e+10	
0	6.58847e+10	4.1316e+10	
0	6.63883e+10	4.16318e+10	
0	6.68929e+10	4.19482e+10	
0	6.73984e+10	4.22652e+10	
0	6.79047e+10	4.25827e+10	
0	6.84119e+10	4.29008e+10	
0	6.892e+10	4.32194e+10	
0	6.94289e+10	4.35385e+10	
0	6.99385e+10	4.38581e+10	
0	7.04489e+10	4.41781e+10	
0	7.096e+10	4.44986e+10	
0	7.14718e+10	4.48196e+10	
0	7.19842e+10	4.51409e+10	
0	7.24973e+10	4.54627e+10	
0	7.3011e+10	4.57848e+10	
0	7.35252e+10	4.61073e+10	
0	7.404e+10	4.64301e+10	
0	7.45553e+10	4.67532e+10	
0	7.50711e+10	4.70767e+10	
0	7.55873e+10	4.74004e+10	
0	7.61039e+10	4.77244e+10	
0	7.6621e+10	4.80486e+10	
0	7.71384e+10	4.83731e+10	
0	7.76561e+10	4.86978e+10	
0	7.81741e+10	4.90226e+10	
0	7.86924e+10	4.93476e+10	
0	7.9211e+10	4.96728e+10	
0	7.97297e+10	4.99981e+10	
0	8.02486e+10	5.03235e+10	
0	8.07677e+10	5.0649e+10	
0	8.12868e+10	5.09745e+10	
0	8.18061e+10	5.13002e+10	
0	8.23253e+10	5.16258e+10	
0	8.28447e+10	5.19515e+10	
0	8.33639e+10	5.22771e+10	
0	8.38832e+10	5.26027e+10	
0	8.44024e+10	5.29283e+10	
0	8.49214e+10	5.32538e+10	
0	8.54403e+10	5.35792e+10	
0	8.59591e+10	5.39045e+10	
0	8.64776e+10	5.42297e+10	
0	8.69959e+10	5.45547e+10	
0	8.7514e+10	5.48796e+10	
0	8.80317e+10	5.52042e+10	
0	8.85491e+10	5.55287e+10	
0	8.90662e+10	5.58529e+10	
0	8.95828e+10	5.61769e+10	
0	9.0099e+10	5.65006e+10	
0	9.06148e+10	5.68241e+10	
0	9.113e+10	5.71472e+10	
0	9.16448e+10	5.747e+10	
0	9.2159e+10	5.77924e+10	
0	9.26725e+10	5.81145e+10	
0	9.31855e+10	5.84362e+10	
0	9.36978e+10	5.87574e+10	
0	9.42095e+10	5.90783e+10	
0	9.47204e+10	5.93987e+10	
0	9.52306e+10	5.97186e+10	
0	9.574e+10	6.0038e+10	
0	9.62486e+10	6.0357e+10	
0	9.67563e+10	6.06754e+10	
0	9.72632e+10	6.09932e+10	
0	9.77691e+10	6.13105e+10	
0	9.82741e+10	6.16272e+10	
0	9.87782e+10	6.19433e+10	
0	9.92812e+10	6.22588e+10	
0	9.97833e+10	6.25736e+10	
0	1.00284e+11	6.28877e+10	
0	1.00784e+11	6.32012e+10	
0	1.01283e+11	6.35139e+10	
0	1.0178e+11	6.38259e+10	
0	1.02277e+11	6.41372e+10	
0	1.02772e+11	6.44477e+10	
0	1.03266e+11	6.47574e+10	
0	1.03758e+11	6.50664e+10	
0	1.0425e+11	6.53745e+10	
0	1.0474e+11	6.56817e+10	
0	1.05228e+11	6.59881e+10	
0	1.05715e+11	6.62936e+10	
0	1.06201e+11	6.65982e+10	
0	1.06685e+11	6.69019e+10	
0	1.07168e+11	6.72047e+10	
0	1.0765e+11	6.75064e+10	
0	1.08129e+11	6.78073e+10	
0	1.08607e+11	6.81071e+10	
0	1.09084e+11	6.84059e+10	
0	1.09559e+11	6.87037e+10	
0	1.10032e+11	6.90004e+10	
0	1.10503e+11	6.92961e+10	
0	1.10973e+11	6.95906e+10	
0	1.11441e+11	6.98841e+10	
0	1.11907e+11	7.01764e+10	
0	1.12372e+11	7.04676e+10	
0	1.12834e+11	7.07577e+10	
0	1.13295e+11	7.10465e+10	
0	1.13753e+11	7.13342e+10	
0	1.1421e+11	7.16207e+10	
0	1.14665e+11	7.19059e+10	
0	1.15118e+11	7.21899e+10	
0	1.15569e+11	7.24726e+10	
0	1.16018e+11	7.2754e+10	
0	1.16464e+11	7.30341e+10	
0	1.16909e+11	7.33129e+10	
0	1.17351e+11	7.35904e+10	
0	1.17792e+11	7.38666e+10	
0	1.1823e+11	7.41413e+10	
0	1.18666e+11	7.44147e+10	
0	1.191e+11	7.46867e+10	
0	1.19531e+11	7.49572e+10	
0	1.1996e+11	7.52264e+10	
0	1.20387e+11	7.54941e+10	
0	1.20812e+11	7.57603e+10	
0	1.21234e+11	7.6025e+10	
0	1.21653e+11	7.62883e+10	
0	1.22071e+11	7.655e+10	
0	1.22486e+11	7.68102e+10	
0	1.22898e+11	7.70689e+10	
0	1.23308e+11	7.7326e+10	
0	1.23716e+11	7.75815e+10	
0	1.24121e+11	7.78355e+10	
0	1.24523e+11	7.80878e+10	
0	1.24923e+11	7.83385e+10	
0	1.2532e+11	7.85876e+10	
0	1.25715e+11	7.88351e+10	
0	1.26107e+11	7.90809e+10	
0	1.26496e+11	7.9325e+10	
0	1.26883e+11	7.95674e+10	
0	1.27266e+11	7.98082e+10	
0	1.27648e+11	8.00472e+10	
0	1.28026e+11	8.02845e+10	
0	1.28402e+11	8.052e+10	
0	1.28774e+11	8.07538e+10	
0	1.29144e+11	8.09858e+10	
0	1.29512e+11	8.12161e+10	
0	1.29876e+11	8.14445e+10	
0	1.30237e+11	8.16712e+10	
0	1.30596e+11	8.1896e+10	
0	1.30951e+11	8.2119e+10	
0	1.31304e+11	8.23402e+10	
0	1.31654e+11	8.25595e+10	
0	1.32001e+11	8.27769e+10	
0	1.32344e+11	8.29925e+10	
0	1.32685e+11	8.32061e+10	
0	1.33023e+11	8.34179e+10	
0	1.33357e+11	8.36278e+10	
0	1.33689e+11	8.38357e+10	
0	1.34018e+11	8.40417e+10	
0	1.34343e+11	8.42458e+10	
0	1.34665e+11	8.44479e+10	
0	1.34984e+11	8.4648e+10	
0	1.353e+11	8.48462e+10	
0	1.35613e+11	8.50424e+10	
0	1.35923e+11	8.52365e+10	
0	1.36229e+11	8.54287e+10	
0	1.36533e+11	8.56189e+10	
0	1.36833e+11	8.58071e+10	
0	1.37129e+11	8.59932e+10	
0	1.37423e+11	8.61772e+10	
0	1.37713e+11	8.63593e+10	
0	1.38e+11	8.65393e+10	
0	1.38284e+11	8.67172e+10	
0	1.38564e+11	8.6893e+10	
0	1.38841e+11	8.70667e+10	
0	1.39115e+11	8.72384e+10	
0	1.39386e+11	8.7408e+10	
0	1.39653e+11	8.75754e+10	
0	1.39916e+11	8.77408e+10	
0	1.40177e+11	8.7904e+10	
0	1.40433e+11	8.80651e+10	
0	1.40687e+11	8.82241e+10	
0	1.40937e+11	8.83809e+10	
0	1.41184e+11	8.85356e+10	
0	1.41427e+11	8.86881e+10	
0	1.41667e+11	8.88385e+10	
0	1.41903e+11	8.89867e+10	
0	1.42136e+11	8.91327e+10	
0	1.42365e+11	8.92765e+10	
0	1.42591e+11	8.94182e+10	
0	1.42814e+11	8.95577e+10	
0	1.43033e+11	8.9695e+10	
0	1.43248e+11	8.98301e+10	
0	1.4346e+11	8.9963e+10	
0	1.43668e+11	9.00937e+10	
0	1.43873e+11	9.02222e+10	
0	1.44075e+11	9.03484e+10	
0	1.44272e+11	9.04725e+10	
0	1.44467e+11	9.05943e+10	
0	1.44657e+11	9.07139e+10	
0	1.44845e+11	9.08312e+10	
0	1.45028e+11	9.09464e+10	
0	1.45208e+11	9.10593e+10	
0	1.45385e+11	9.11699e+10	
0	1.45557e+11	9.12784e+10	
0	1.45727e+11	9.13845e+10	
0	1.45893e+11	9.14884e+10	
0	1.46055e+11	9.15901e+10	
0	1.46213e+11	9.16895e+10	
0	1.46368e+11	9.17867e+10	
0	1.4652e+11	9.18816e+10	
0	1.46667e+11	9.19743e+10	
0	1.46811e+11	9.20647e+10	
0	1.46952e+11	9.21528e+10	
0	1.47089e+11	9.22387e+10	
0	1.47222e+11	9.23223e+10	
0	1.47352e+11	9.24037e+10	
0	1.47478e+11	9.24828e+10	
0	1.47601e+11	9.25596e+10	
0	1.4772e+11	9.26342e+10	
0	1.47835e+11	9.27065e+10	
0	1.47947e+11	9.27765e+10	
0	1.48055e+11	9.28443e+10	
0	1.48159e+11	9.29098e+10	
0	1.4826e+11	9.29731e+10	
0	1.48357e+11	9.30341e+10	
0	1.48451e+11	9.30928e+10	
0	1.48541e+11	9.31493e+10	
0	1.48627e+11	9.32035e+10	
0	1.4871e+11	9.32554e+10	
0	1.48789e+11	9.33051e+10	
0	1.48865e+11	9.33526e+10	
0	1.48937e+11	9.33978e+10	
0	1.49006e+11	9.34407e+10	
0	1.49071e+11	9.34814e+10	
0	1.49132e+11	9.35198e+10	
0	1.4919e+11	9.35561e+10	
0	1.49244e+11	9.359e+10	
0	1.49294e+11	9.36218e+10	
0	1.49341e+11	9.36512e+10	
0	1.49385e+11	9.36785e+10	
0	1.49425e+11	9.37035e+10	
0	1.49461e+11	9.37263e+10	
0	1.49494e+11	9.37469e+10	
0	1.49523e+11	9.37653e+10	
0	1.49549e+11	9.37815e+10	
0	1.49571e+11	9.37954e+10	
0	1.4959e+11	9.38071e+10	
0	1.49605e+11	9.38167e+10	
0	1.49617e+11	9.3824e+10	
0	1.49625e+11	9.38292e+10	
0	1.4963e+11	9.38321e+10	
0	1.49631e+11	9.38329e+10	
0	1.49629e+11	9.38315e+10	
0	1.49623e+11	9.38279e+10	
0	1.49614e+11	9.38222e+10	
0	1.49601e+11	9.38142e+10	
0	1.49585e+11	9.38042e+10	
0	1.49566e+11	9.3792e+10	
0	1.49543e+11	9.37776e+10	
0	1.49517e+11	9.37611e+10	
0	1.49487e+11	9.37424e+10	
0	1.49454e+11	9.37217e+10	
0	1.49417e+11	9.36988e+10	
0	1.49377e+11	9.36738e+10	
0	1.49334e+11	9.36466e+10	
0	1.49288e+11	9.36174e+10	
0	1.49238e+11	9.35861e+10	
0	1.49184e+11	9.35527e+10	
0	1.49128e+11	9.35172e+10	
0	1.49068e+11	9.34796e+10	
0	1.49005e+11	9.344e+10	
0	1.48938e+11	9.33983e+10	
0	1.48868e+11	9.33546e+10	
0	1.48795e+11	9.33088e+10	
0	1.48719e+11	9.32609e+10	
0	1.4864e+11	9.32111e+10	
0	1.48557e+11	9.31592e+10	
0	1.48471e+11	9.31053e+10	
0	1.48382e+11	9.30494e+10	
0	1.48289e+11	9.29915e+10	
0	1.48194e+11	9.29316e+10	
0	1.48095e+11	9.28697e+10	
0	1.47993e+11	9.28058e+10	
0	1.47888e+11	9.274e+10	
0	1.4778e+11	9.26722e+10	
0	1.47669e+11	9.26025e+10	
0	1.47555e+11	9.25309e+10	
0	1.47437e+11	9.24573e+10	
0	1.47317e+11	9.23818e+10	
0	1.47194e+11	9.23043e+10	
0	1.47067e+11	9.2225e+10	
0	1.46938e+11	9.21438e+10	
0	1.46805e+11	9.20607e+10	
0	1.4667e+11	9.19757e+10	
0	1.46531e+11	9.18889e+10	
0	1.4639e+11	9.18002e+10	
0	1.46245e+11	9.17097e+10	
0	1.46098e+11	9.16173e+10	
0	1.45948e+11	9.15231e+10	
0	1.45795e+11	9.14271e+10	
0	1.45639e+11	9.13293e+10	
0	1.4548e+11	9.12296e+10	
0	1.45318e+11	9.11282e+10	
0	1.45154e+11	9.10251e+10	
0	1.44986e+11	9.09201e+10	
0	1.44816e+11	9.08134e+10	
0	1.44643e+11	9.0705e+10	
0	1.44468e+11	9.05948e+10	
0	1.44289e+11	9.04829e+10	
0	1.44108e+11	9.03693e+10	
0	1.43924e+11	9.0254e+10	
0	1.43738e+11	9.01371e+10	
0	1.43548e+11	9.00184e+10	
0	1.43356e+11	8.9898e+10	
0	1.43162e+11	8.9776e+10	
0	1.42965e+11	8.96524e+10	
0	1.42765e+11	8.95271e+10	
0	1.42563e+11	8.94002e+10	
0	1.42358e+11	8.92717e+10	
0	1.4215e+11	8.91416e+10	
0	1.4194e+11	8.90099e+10	
0	1.41728e+11	8.88766e+10	
0	1.41513e+11	8.87418e+10	
0	1.41295e+11	8.86054e+10	
0	1.41075e+11	8.84674e+10	
0	1.40853e+11	8.8328e+10	
0	1.40628e+11	8.8187e+10	
0	1.40401e+11	8.80444e+10	
0	1.40171e+11	8.79004e+10	
0	1.39939e+11	8.7755e+10	
0	1.39705e+11	8.7608e+10	
0	1.39468e+11	8.74596e+10	
0	1.39229e+11	8.73097e+10	
0	1.38988e+11	8.71584e+10	
0	1.38744e+11	8.70056e+10	
0	1.38498e+11	8.68515e+10	
0	1.3825e+11	8.66959e+10	
0	1.38e+11	8.6539e+10	
0	1.37747e+11	8.63807e+10	
0	1.37493e+11	8.6221e+10	
0	1.37236e+11	8.60599e+10	
0	1.36977e+11	8.58975e+10	
0	1.36716e+11	8.57338e+10	
0	1.36453e+11	8.55688e+10	
0	1.36187e+11	8.54025e+10	
0	1.3592e+11	8.52348e+10	
0	1.35651e+11	8.50659e+10	
0	1.35379e+11	8.48957e+10	
0	1.35106e+11	8.47243e+10	
0	1.34831e+11	8.45516e+10	
0	1.34553e+11	8.43777e+10	
0	1.34274e+11	8.42026e+10	
0	1.33993e+11	8.40262e+10	
0	1.3371e+11	8.38487e+10	
0	1.33425e+11	8.367e+10	
0	1.33138e+11	8.34901e+10	
0	1.32849e+11	8.33091e+10	
0	1.32559e+11	8.31269e+10	
0	1.32266e+11	8.29436e+10	
0	1.31972e+11	8.27591e+10	
0	1.31676e+11	8.25736e+10	
0	1.31379e+11	8.2387e+10	
0	1.31079e+11	8.21992e+10	
0	1.30778e+11	8.20104e+10	
0	1.30476e+11	8.18206e+10	
0	1.30171e+11	8.16297e+10	
0	1.29865e+11	8.14378e+10	
0	1.29557e+11	8.12448e+10	
0	1.29248e+11	8.10508e+10	
0	1.28937e+11	8.08559e+10	
0	1.28625e+11	8.06599e+10	
0	1.28311e+11	8.0463e+10	
0	1.27995e+11	8.02652e+10	
0	1.27678e+11	8.00664e+10	
0	1.2736e+11	7.98666e+10	
0	1.2704e+11	7.96659e+10	
0	1.26718e+11	7.94643e+10	
0	1.26395e+11	7.92619e+10	
0	1.26071e+11	7.90585e+10	
0	1.25745e+11	7.88543e+10	
0	1.25418e+11	7.86492e+10	
0	1.2509e+11	7.84432e+10	
0	1.2476e+11	7.82364e+10	
0	1.24429e+11	7.80288e+10	
0	1.24097e+11	7.78204e+10	
0	1.23763e+11	7.76112e+10	
0	1.23428e+11	7.74012e+10	
0	1.23092e+11	7.71904e+10	
0	1.22755e+11	7.69789e+10	
0	1.22416e+11	7.67666e+10	
0	1.22077e+11	7.65536e+10	
0	1.21736e+11	7.63398e+10	
0	1.21394e+11	7.61253e+10	
0	1.21051e+11	7.59102e+10	
0	1.20706e+11	7.56943e+10	
0	1.20361e+11	7.54778e+10	
0	1.20015e+11	7.52606e+10	
0	1.19667e+11	7.50427e+10	
0	1.19319e+11	7.48242e+10	
0	1.18969e+11	7.46051e+10	
0	1.18619e+11	7.43853e+10	
0	1.18267e+11	7.41649e+10	
0	1.17915e+11	7.3944e+10	
0	1.17562e+11	7.37224e+10	
0	1.17208e+11	7.35003e+10	
0	1.16853e+11	7.32776e+10	
0	1.16497e+11	7.30544e+10	
0	1.1614e+11	7.28307e+10	
0	1.15782e+11	7.26064e+10	
0	1.15424e+11	7.23816e+10	
0	1.15064e+11	7.21563e+10	
0	1.14704e+11	7.19305e+10	
0	1.14343e+11	7.17042e+10	
0	1.13982e+11	7.14774e+10	
0	1.1362e+11	7.12502e+10	
0	1.13257e+11	7.10226e+10	
0	1.12893e+11	7.07945e+10	
0	1.12528e+11	7.0566e+10	
0	1.12163e+11	7.0337e+10	
0	1.11798e+11	7.01077e+10	
0	1.11431e+11	6.9878e+10	
0	1.11064e+11	6.96479e+10	
0	1.10697e+11	6.94174e+10	
0	1.10329e+11	6.91866e+10	
0	1.0996e+11	6.89554e+10	
0	1.09591e+11	6.87239e+10	
0	1.09221e+11	6.84921e+10	
0	1.08851e+11	6.82599e+10	
0	1.0848e+11	6.80275e+10	
0	1.08109e+11	6.77947e+10	
0	1.07738e+11	6.75617e+10	
0	1.07366e+11	6.73284e+10	
0	1.06993e+11	6.70948e+10	
0	1.0662e+11	6.6861e+10	
0	1.06247e+11	6.66269e+10	
0	1.05873e+11	6.63926e+10	
0	1.05499e+11	6.61581e+10	
0	1.05125e+11	6.59234e+10	
0	1.0475e+11	6.56885e+10	
0	1.04376e+11	6.54534e+10	
0	1.04e+11	6.52181e+10	
0	1.03625e+11	6.49826e+10	
0	1.03249e+11	6.4747e+10	
0	1.02873e+11	6.45112e+10	
0	1.02497e+11	6.42753e+10	
0	1.0212e+11	6.40392e+10	
0	1.01744e+11	6.3803e+10	
0	1.01367e+11	6.35667e+10	
0	1.0099e+11	6.33303e+10	
0	1.00613e+11	6.30939e+10	
0	1.00236e+11	6.28573e+10	
0	9.98583e+10	6.26207e+10	
0	9.94809e+10	6.23839e+10	
0	9.91033e+10	6.21472e+10	
0	9.87257e+10	6.19104e+10	
0	9.8348e+10	6.16735e+10	
0	9.79703e+10	6.14367e+10	
0	9.75925e+10	6.11998e+10	
0	9.72147e+10	6.09629e+10	
0	9.6837e+10	6.0726e+10	
0	9.64592e+10	6.04891e+10	
0	9.60815e+10	6.02522e+10	
0	9.57038e+10	6.00153e+10	
0	9.53261e+10	5.97785e+10	
0	9.49485e+10	5.95417e+10	
0	9.45711e+10	5.9305e+10	
0	9.41937e+10	5.90684e+10	
0	9.38164e+10	5.88318e+10	
0	9.34392e+10	5.85952e+10	
0	9.30622e+10	5.83588e+10	
0	9.26853e+10	5.81225e+10	
0	9.23086e+10	5.78862e+10	
0	9.1932e+10	5.76501e+10	
0	9.15557e+10	5.74141e+10	
0	9.11795e+10	5.71782e+10	
0	9.08036e+10	5.69425e+10	
0	9.04279e+10	5.67068e+10	
0	9.00524e+10	5.64714e+10	
0	8.96772e+10	5.62361e+10	
0	8.93022e+10	5.6001e+10	
0	8.89275e+10	5.5766e+10	
0	8.85531e+10	5.55312e+10	
0	8.8179e+10	5.52966e+10	
0	8.78052e+10	5.50622e+10	
0	8.74318e+10	5.4828e+10	
0	8.70586e+10	5.4594e+10	
0	8.66859e+10	5.43603e+10	
0	8.63134e+10	5.41267e+10	
0	8.59414e+10	5.38934e+10	
0	8.55697e+10	5.36603e+10	
0	8.51984e+10	5.34275e+10	
0	8.48275e+10	5.31949e+10	
0	8.44571e+10	5.29626e+10	
0	8.4087e+10	5.27306e+10	
0	8.37174e+10	5.24988e+10	
0	8.33483e+10	5.22673e+10	
0	8.29796e+10	5.20361e+10	
0	8.26114e+10	5.18052e+10	
0	8.22436e+10	5.15745e+10	
0	8.18763e+10	5.13442e+10	
0	8.15096e+10	5.11142e+10	
0	8.11433e+10	5.08846e+10	
0	8.07776e+10	5.06552e+10	
0	8.04124e+10	5.04262e+10	
0	8.00477e+10	5.01975e+10	
0	7.96836e+10	4.99692e+10	
0	7.932e+10	4.97412e+10	
0	7.8957e+10	4.95135e+10	
0	7.85946e+10	4.92863e+10	
0	7.82328e+10	4.90594e+10	
0	7.78715e+10	4.88328e+10	
0	7.75109e+10	4.86067e+10	
0	7.71509e+10	4.83809e+10	
0	7.67915e+10	4.81555e+10	
0	7.64327e+10	4.79306e+10	
0	7.60746e+10	4.7706e+10	
0	7.57171e+10	4.74818e+10	
0	7.53603e+10	4.72581e+10	
0	7.50041e+10	4.70347e+10	
0	7.46486e+10	4.68118e+10	
0	7.42938e+10	4.65893e+10	
0	7.39397e+10	4.63672e+10	
0	7.35863e+10	4.61456e+10	
0	7.32336e+10	4.59244e+10	
0	7.28816e+10	4.57037e+10	
0	7.25303e+10	4.54834e+10	
0	7.21798e+10	4.52636e+10	
0	7.183e+10	4.50442e+10	
0	7.14809e+10	4.48253e+10	
0	7.11326e+10	4.46069e+10	
0	7.07851e+10	4.4389e+10	
0	7.04383e+10	4.41715e+10	
0	7.00923e+10	4.39545e+10	
0	6.9747e+10	4.3738e+10	
0	6.94026e+10	4.3522e+10	
0	6.90589e+10	4.33065e+10	
0	6.87161e+10	4.30915e+10	
0	6.8374e+10	4.2877e+10	
0	6.80328e+10	4.2663e+10	
0	6.76924e+10	4.24495e+10	
0	6.73528e+10	4.22366e+10	
0	6.7014e+10	4.20242e+10	
0	6.66761e+10	4.18123e+10	
0	6.63391e+10	4.16009e+10	
0	6.60028e+10	4.139e+10	
0	6.56675e+10	4.11797e+10	
0	6.5333e+10	4.097e+10	
0	6.49993e+10	4.07608e+10	
0	6.46666e+10	4.05521e+10	
0	6.43347e+10	4.0344e+10	
0	6.40037e+10	4.01364e+10	
0	6.36736e+10	3.99294e+10	
0	6.33444e+10	3.97229e+10	
0	6.30161e+10	3.95171e+10	
0	6.26887e+10	3.93117e+10	
0	6.23622e+10	3.9107e+10	
0	6.20366e+10	3.89028e+10	
0	6.17119e+10	3.86992e+10	
0	6.13882e+10	3.84962e+10	
0	6.10654e+10	3.82938e+10	
0	6.07435e+10	3.80919e+10	
0	6.04226e+10	3.78907e+10	
0	6.01026e+10	3.769e+10	
0	5.97835e+10	3.74899e+10	
0	5.94654e+10	3.72905e+10	
0	5.91483e+10	3.70916e+10	
0	5.88321e+10	3.68933e+10	
0	5.85169e+10	3.66956e+10	
0	5.82027e+10	3.64986e+10	
0	5.78894e+10	3.63021e+10	
0	5.75771e+10	3.61063e+10	
0	5.72658e+10	3.59111e+10	
0	5.69554e+10	3.57164e+10	
0	5.66461e+10	3.55225e+10	
0	5.63377e+10	3.53291e+10	
0	5.60303e+10	3.51363e+10	
0	5.57239e+10	3.49442e+10	
0	5.54186e+10	3.47527e+10	
0	5.51142e+10	3.45618e+10	
0	5.48108e+10	3.43716e+10	
0	5.45085e+10	3.4182e+10	
0	5.42071e+10	3.3993e+10	
0	5.39068e+10	3.38047e+10	
0	5.36075e+10	3.3617e+10	
0	5.33092e+10	3.34299e+10	
0	5.30119e+10	3.32435e+10	
0	5.27156e+10	3.30577e+10	
0	5.24204e+10	3.28726e+10	
0	5.21262e+10	3.26881e+10	
0	5.1833e+10	3.25042e+10	
0	5.15409e+10	3.2321e+10	
0	5.12498e+10	3.21385e+10	
0	5.09597e+10	3.19566e+10	
0	5.06707e+10	3.17754e+10	
0	5.03828e+10	3.15948e+10	
0	5.00958e+10	3.14148e+10	
0	4.98099e+10	3.12356e+10	
0	4.95251e+10	3.10569e+10	
0	4.92413e+10	3.0879e+10	
0	4.89586e+10	3.07017e+10	
0	4.86769e+10	3.0525e+10	
0	4.83963e+10	3.0349e+10	
0	4.81167e+10	3.01737e+10	
0	4.78382e+10	2.99991e+10	
0	4.75607e+10	2.98251e+10	
0	4.72843e+10	2.96517e+10	
0	4.7009e+10	2.94791e+10	
0	4.67347e+10	2.93071e+10	
0	4.64615e+10	2.91358e+10	
0	4.61893e+10	2.89651e+10	
0	4.59182e+10	2.87951e+10	
0	4.56482e+10	2.86258e+10	
0	4.53793e+10	2.84571e+10	
0	4.51114e+10	2.82891e+10	
0	4.48446e+10	2.81218e+10	
0	4.45788e+10	2.79551e+10	
0	4.43141e+10	2.77892e+10	
0	4.40505e+10	2.76239e+10	
0	4.3788e+10	2.74592e+10	
0	4.35265e+10	2.72953e+10	
0	4.32661e+10	2.7132e+10	
0	4.30068e+10	2.69693e+10	
0	4.27485e+10	2.68074e+10	
0	4.24913e+10	2.66461e+10	
0	4.22352e+10	2.64855e+10	
0	4.19802e+10	2.63256e+10	
0	4.17262e+10	2.61663e+10	
0	4.14733e+10	2.60077e+10	
0	4.12215e+10	2.58498e+10	
0	4.09707e+10	2.56925e+10	
0	4.07211e+10	2.5536e+10	
0	4.04724e+10	2.53801e+10	
0	4.02249e+10	2.52248e+10	
0	3.99784e+10	2.50703e+10	
0	3.9733e+10	2.49164e+10	
0	3.94887e+10	2.47632e+10	
0	3.92455e+10	2.46106e+10	
0	3.90033e+10	2.44587e+10	
0	3.87621e+10	2.43075e+10	
0	3.85221e+10	2.4157e+10	
0	3.82831e+10	2.40071e+10	
0	3.80452e+10	2.38579e+10	
0	3.78083e+10	2.37094e+10	
0	3.75725e+10	2.35615e+10	
0	3.73378e+10	2.34143e+10	
0	3.71041e+10	2.32678e+10	
0	3.68715e+10	2.31219e+10	
0	3.664e+10	2.29768e+10	
0	3.64095e+10	2.28322e+10	
0	3.61801e+10	2.26883e+10	
0	3.59517e+10	2.25451e+10	
0	3.57244e+10	2.24026e+10	
0	3.54982e+10	2.22607e+10	
0	3.5273e+10	2.21195e+10	
0	3.50488e+10	2.19789e+10	
0	3.48257e+10	2.1839e+10	
0	3.46037e+10	2.16998e+10	
0	3.43827e+10	2.15612e+10	
0	3.41628e+10	2.14233e+10	
0	3.39439e+10	2.1286e+10	
0	3.3726e+10	2.11494e+10	
0	3.35092e+10	2.10135e+10	
0	3.32934e+10	2.08782e+10	
0	3.30787e+10	2.07435e+10	
0	3.2865e+10	2.06095e+10	
0	3.26524e+10	2.04761e+10	
0	3.24408e+10	2.03434e+10	
0	3.22302e+10	2.02114e+10	
0	3.20206e+10	2.008e+10	
0	3.18121e+10	1.99492e+10	
0	3.16046e+10	1.98191e+10	
0	3.13982e+10	1.96896e+10	
0	3.11927e+10	1.95608e+10	
0	3.09883e+10	1.94326e+10	
0	3.07849e+10	1.93051e+10	
0	3.05825e+10	1.91782e+10	
0	3.03812e+10	1.90519e+10	
0	3.01808e+10	1.89262e+10	
0	2.99815e+10	1.88012e+10	
0	2.97832e+10	1.86769e+10	
0	2.95859e+10	1.85531e+10	
0	2.93895e+10	1.843e+10	
0	2.91942e+10	1.83076e+10	
0	2.89999e+10	1.81857e+10	
0	2.88066e+10	1.80645e+10	
0	2.86143e+10	1.79439e+10	
0	2.8423e+10	1.78239e+10	
0	2.82327e+10	1.77046e+10	
0	2.80434e+10	1.75858e+10	
0	2.7855e+10	1.74677e+10	
0	2.76677e+10	1.73502e+10	
0	2.74813e+10	1.72334e+10	
0	2.72959e+10	1.71171e+10	
0	2.71115e+10	1.70015e+10	
0	2.6928e+10	1.68864e+10	
0	2.67456e+10	1.6772e+10	
0	2.65641e+10	1.66582e+10	
0	2.63836e+10	1.6545e+10	
0	2.6204e+10	1.64324e+10	
0	2.60254e+10	1.63204e+10	
0	2.58478e+10	1.6209e+10	
0	2.56711e+10	1.60982e+10	
0	2.54954e+10	1.5988e+10	
0	2.53206e+10	1.58784e+10	
0	2.51468e+10	1.57694e+10	
0	2.49739e+10	1.5661e+10	
0	2.4802e+10	1.55532e+10	
0	2.4631e+10	1.5446e+10	
0	2.44609e+10	1.53393e+10	
0	2.42918e+10	1.52333e+10	
0	2.41236e+10	1.51278e+10	
0	2.39564e+10	1.50229e+10	
0	2.37901e+10	1.49186e+10	
0	2.36247e+10	1.48149e+10	
0	2.34602e+10	1.47118e+10	
0	2.32966e+10	1.46092e+10	
0	2.3134e+10	1.45072e+10	
0	2.29723e+10	1.44058e+10	
0	2.28115e+10	1.43049e+10	
0	2.26515e+10	1.42047e+10	
0	2.24925e+10	1.4105e+10	
0	2.23344e+10	1.40058e+10	
0	2.21772e+10	1.39072e+10	
0	2.20209e+10	1.38092e+10	
0	2.18655e+10	1.37117e+10	
0	2.1711e+10	1.36148e+10	
0	2.15573e+10	1.35185e+10	
0	2.14046e+10	1.34227e+10	
0	2.12527e+10	1.33275e+10	
0	2.11017e+10	1.32328e+10	
0	2.09516e+10	1.31386e+10	
0	2.08023e+10	1.3045e+10	
0	2.06539e+10	1.2952e+10	
0	2.05064e+10	1.28595e+10	
0	2.03598e+10	1.27675e+10	
0	2.0214e+10	1.26761e+10	
0	2.0069e+10	1.25852e+10	
0	1.99249e+10	1.24948e+10	
0	1.97817e+10	1.2405e+10	
0	1.96393e+10	1.23157e+10	
0	1.94977e+10	1.22269e+10	
0	1.9357e+10	1.21387e+10	
0	1.92172e+10	1.2051e+10	
0	1.90781e+10	1.19638e+10	
0	1.89399e+10	1.18771e+10	
0	1.88025e+10	1.1791e+10	
0	1.8666e+10	1.17053e+10	
0	1.85302e+10	1.16202e+10	
0	1.83953e+10	1.15356e+10	
0	1.82612e+10	1.14515e+10	
0	1.81279e+10	1.13679e+10	
0	1.79954e+10	1.12848e+10	
0	1.78637e+10	1.12023e+10	
0	1.77329e+10	1.11202e+10	
0	1.76028e+10	1.10386e+10	
0	1.74735e+10	1.09575e+10	
0	1.7345e+10	1.0877e+10	
0	1.72173e+10	1.07969e+10	
0	1.70904e+10	1.07173e+10	
0	1.69642e+10	1.06382e+10	
0	1.68389e+10	1.05596e+10	
0	1.67143e+10	1.04814e+10	
0	1.65905e+10	1.04038e+10	
0	1.64674e+10	1.03266e+10	
0	1.63451e+10	1.025e+10	
0	1.62236e+10	1.01737e+10	
0	1.61029e+10	1.0098e+10	
0	1.59829e+10	1.00228e+10	
0	1.58636e+10	9.94799e+09	
0	1.57451e+10	9.87368e+09	
0	1.56274e+10	9.79984e+09	
0	1.55104e+10	9.72646e+09	
0	1.53941e+10	9.65355e+09	
0	1.52785e+10	9.5811e+09	
0	1.51637e+10	9.50911e+09	
0	1.50497e+10	9.43757e+09	
0	1.49363e+10	9.3665e+09	
0	1.48237e+10	9.29587e+09	
0	1.47118e+10	9.2257e+09	
0	1.46006e+10	9.15597e+09	
0	1.44901e+10	9.0867e+09	
0	1.43804e+10	9.01786e+09	
0	1.42713e+10	8.94948e+09	
0	1.4163e+10	8.88153e+09	
0	1.40553e+10	8.81402e+09	
0	1.39484e+10	8.74695e+09	
0	1.38421e+10	8.68031e+09	
0	1.37365e+10	8.61411e+09	
0	1.36316e+10	8.54834e+09	
0	1.35274e+10	8.48299e+09	
0	1.34239e+10	8.41808e+09	
0	1.33211e+10	8.35358e+09	
0	1.32189e+10	8.28951e+09	
0	1.31174e+10	8.22587e+09	
0	1.30166e+10	8.16264e+09	
0	1.29164e+10	8.09982e+09	
0	1.28169e+10	8.03742e+09	
0	1.27181e+10	7.97544e+09	
0	1.26199e+10	7.91386e+09	
0	1.25223e+10	7.85269e+09	
0	1.24254e+10	7.79193e+09	
0	1.23292e+10	7.73158e+09	
0	1.22336e+10	7.67162e+09	
0	1.21386e+10	7.61207e+09	
0	1.20443e+10	7.55292e+09	
0	1.19506e+10	7.49416e+09	
0	1.18575e+10	7.43579e+09	
0	1.17651e+10	7.37782e+09	
0	1.16733e+10	7.32024e+09	
0	1.15821e+10	7.26305e+09	
0	1.14915e+10	7.20624e+09	
0	1.14015e+10	7.14982e+09	
0	1.13121e+10	7.09378e+09	
0	1.12234e+10	7.03812e+09	
0	1.11352e+10	6.98284e+09	
0	1.10477e+10	6.92794e+09	
0	1.09607e+10	6.87341e+09	
0	1.08744e+10	6.81926e+09	
0	1.07886e+10	6.76547e+09	
0	1.07034e+10	6.71205e+09	
0	1.06188e+10	6.659e+09	
0	1.05348e+10	6.60632e+09	
0	1.04514e+10	6.554e+09	
0	1.03685e+10	6.50204e+09	
0	1.02862e+10	6.45043e+09	
0	1.02045e+10	6.39919e+09	
0	1.01233e+10	6.3483e+09	
0	1.00428e+10	6.29776e+09	
0	9.96273e+09	6.24758e+09	
0	9.88326e+09	6.19774e+09	
0	9.80434e+09	6.14825e+09	
0	9.72598e+09	6.09911e+09	
0	9.64816e+09	6.05031e+09	
0	9.57089e+09	6.00186e+09	
0	9.49416e+09	5.95374e+09	
0	9.41797e+09	5.90596e+09	
0	9.34231e+09	5.85852e+09	
0	9.26719e+09	5.81141e+09	
0	9.1926e+09	5.76463e+09	
0	9.11854e+09	5.71819e+09	
0	9.045e+09	5.67207e+09	
0	8.97198e+09	5.62628e+09	
0	8.89948e+09	5.58082e+09	
0	8.82749e+09	5.53568e+09	
0	8.75602e+09	5.49086e+09	
0	8.68506e+09	5.44636e+09	
0	8.6146e+09	5.40217e+09	
0	8.54465e+09	5.35831e+09	
0	8.4752e+09	5.31475e+09	
0	8.40625e+09	5.27151e+09	
0	8.33779e+09	5.22858e+09	
0	8.26982e+09	5.18596e+09	
0	8.20235e+09	5.14365e+09	
0	8.13536e+09	5.10164e+09	
0	8.06885e+09	5.05994e+09	
0	8.00283e+09	5.01853e+09	
0	7.93728e+09	4.97743e+09	
0	7.87221e+09	4.93662e+09	
0	7.80761e+09	4.89611e+09	
0	7.74348e+09	4.8559e+09	
0	7.67982e+09	4.81598e+09	
0	7.61662e+09	4.77634e+09	
0	7.55389e+09	4.737e+09	
0	7.49161e+09	4.69795e+09	
0	7.42979e+09	4.65918e+09	
0	7.36842e+09	4.6207e+09	
0	7.3075e+09	4.5825e+09	
0	7.24703e+09	4.54458e+09	
0	7.18701e+09	4.50693e+09	
0	7.12742e+09	4.46957e+09	
0	7.06828e+09	4.43248e+09	
0	7.00958e+09	4.39567e+09	
0	6.9513e+09	4.35913e+09	
0	6.89347e+09	4.32286e+09	
0	6.83606e+09	4.28685e+09	
0	6.77907e+09	4.25112e+09	
0	6.72251e+09	4.21565e+09	
0	6.66637e+09	4.18045e+09	
0	6.61065e+09	4.14551e+09	
0	6.55535e+09	4.11083e+09	
0	6.50046e+09	4.0764e+09	
0	6.44598e+09	4.04224e+09	
0	6.39191e+09	4.00833e+09	
0	6.33825e+09	3.97468e+09	
0	6.28498e+09	3.94128e+09	
0	6.23212e+09	3.90813e+09	
0	6.17966e+09	3.87523e+09	
0	6.12759e+09	3.84258e+09	
0	6.07592e+09	3.81018e+09	
0	6.02464e+09	3.77802e+09	
0	5.97374e+09	3.7461e+09	
0	5.92324e+09	3.71443e+09	
0	5.87311e+09	3.683e+09	
0	5.82337e+09	3.6518e+09	
0	5.774e+09	3.62085e+09	
0	5.72501e+09	3.59013e+09	
0	5.6764e+09	3.55964e+09	
0	5.62815e+09	3.52939e+09	
0	5.58028e+09	3.49936e+09	
0	5.53277e+09	3.46957e+09	
0	5.48562e+09	3.44001e+09	
0	5.43884e+09	3.41067e+09	
0	5.39242e+09	3.38156e+09	
0	5.34635e+09	3.35267e+09	
0	5.30064e+09	3.32401e+09	
0	5.25528e+09	3.29556e+09	
0	5.21027e+09	3.26734e+09	
0	5.16561e+09	3.23933e+09	
0	5.1213e+09	3.21154e+09	
0	5.07733e+09	3.18397e+09	
0	5.0337e+09	3.15661e+09	
0	4.99041e+09	3.12946e+09	
0	4.94745e+09	3.10252e+09	
0	4.90483e+09	3.07579e+09	
0	4.86254e+09	3.04928e+09	
0	4.82058e+09	3.02296e+09	
0	4.77895e+09	2.99686e+09	
0	4.73765e+09	2.97095e+09	
0	4.69667e+09	2.94526e+09	
0	4.65601e+09	2.91976e+09	
0	4.61566e+09	2.89446e+09	
0	4.57564e+09	2.86936e+09	
0	4.53593e+09	2.84446e+09	
0	4.49653e+09	2.81975e+09	
0	4.45745e+09	2.79524e+09	
0	4.41867e+09	2.77092e+09	
0	4.3802e+09	2.7468e+09	
0	4.34203e+09	2.72286e+09	
0	4.30416e+09	2.69912e+09	
0	4.2666e+09	2.67556e+09	
0	4.22933e+09	2.65219e+09	
0	4.19236e+09	2.62901e+09	
0	4.15568e+09	2.60601e+09	
0	4.1193e+09	2.58319e+09	
0	4.0832e+09	2.56056e+09	
0	4.0474e+09	2.5381e+09	
0	4.01188e+09	2.51583e+09	
0	3.97664e+09	2.49373e+09	
0	3.94168e+09	2.47181e+09	
0	3.90701e+09	2.45007e+09	
0	3.87261e+09	2.4285e+09	
0	3.83849e+09	2.4071e+09	
0	3.80465e+09	2.38587e+09	
0	3.77107e+09	2.36482e+09	
0	3.73777e+09	2.34394e+09	
0	3.70473e+09	2.32322e+09	
0	3.67197e+09	2.30267e+09	
0	3.63946e+09	2.28229e+09	
0	3.60722e+09	2.26207e+09	
0	3.57524e+09	2.24202e+09	
0	3.54352e+09	2.22213e+09	
0	3.51206e+09	2.2024e+09	
0	3.48085e+09	2.18283e+09	
0	3.4499e+09	2.16342e+09	
0	3.4192e+09	2.14416e+09	
0	3.38875e+09	2.12507e+09	
0	3.35855e+09	2.10613e+09	
0	3.32859e+09	2.08734e+09	
0	3.29888e+09	2.06871e+09	
0	3.26941e+09	2.05023e+09	
0	3.24019e+09	2.0319e+09	
0	3.2112e+09	2.01373e+09	
0	3.18245e+09	1.9957e+09	
0	3.15394e+09	1.97782e+09	
0	3.12566e+09	1.96008e+09	
0	3.09761e+09	1.9425e+09	
0	3.0698e+09	1.92506e+09	
0	3.04221e+09	1.90776e+09	
0	3.01486e+09	1.8906e+09	
0	2.98773e+09	1.87359e+09	
0	2.96082e+09	1.85671e+09	
0	2.93413e+09	1.83998e+09	
0	2.90767e+09	1.82339e+09	
0	2.88143e+09	1.80693e+09	
0	2.8554e+09	1.79061e+09	
0	2.82959e+09	1.77442e+09	
0	2.804e+09	1.75837e+09	
0	2.77862e+09	1.74246e+09	
0	2.75345e+09	1.72667e+09	
0	2.72849e+09	1.71102e+09	
0	2.70374e+09	1.6955e+09	
0	2.6792e+09	1.68011e+09	
0	2.65486e+09	1.66485e+09	
0	2.63072e+09	1.64971e+09	
0	2.60679e+09	1.63471e+09	
0	2.58306e+09	1.61982e+09	
0	2.55953e+09	1.60507e+09	
0	2.53619e+09	1.59043e+09	
0	2.51306e+09	1.57592e+09	
0	2.49011e+09	1.56154e+09	
0	2.46736e+09	1.54727e+09	
0	2.44481e+09	1.53313e+09	
0	2.42244e+09	1.5191e+09	
0	2.40026e+09	1.50519e+09	
0	2.37827e+09	1.4914e+09	
0	2.35647e+09	1.47773e+09	
0	2.33485e+09	1.46417e+09	
0	2.31342e+09	1.45073e+09	
0	2.29216e+09	1.4374e+09	
0	2.27109e+09	1.42419e+09	
0	2.2502e+09	1.41109e+09	
0	2.22948e+09	1.3981e+09	
0	2.20894e+09	1.38522e+09	
0	2.18858e+09	1.37245e+09	
0	2.16839e+09	1.35979e+09	
0	2.14838e+09	1.34724e+09	
0	2.12853e+09	1.33479e+09	
0	2.10886e+09	1.32245e+09	
0	2.08935e+09	1.31022e+09	
0	2.07001e+09	1.29809e+09	
0	2.05084e+09	1.28607e+09	
0	2.03183e+09	1.27415e+09	
0	2.01298e+09	1.26233e+09	
0	1.9943e+09	1.25062e+09	
0	1.97578e+09	1.239e+09	
0	1.95742e+09	1.22749e+09	
0	1.93921e+09	1.21607e+09	
0	1.92117e+09	1.20475e+09	
0	1.90328e+09	1.19354e+09	
0	1.88554e+09	1.18241e+09	
0	1.86796e+09	1.17139e+09	
0	1.85053e+09	1.16046e+09	
0	1.83325e+09	1.14962e+09	
0	1.81613e+09	1.13888e+09	
0	1.79915e+09	1.12824e+09	
0	1.78232e+09	1.11768e+09	
0	1.76563e+09	1.10722e+09	
0	1.74909e+09	1.09685e+09	
0	1.7327e+09	1.08657e+09	
0	1.71645e+09	1.07638e+09	
0	1.70034e+09	1.06627e+09	
0	1.68437e+09	1.05626e+09	
0	1.66854e+09	1.04633e+09	
0	1.65285e+09	1.03649e+09	
0	1.6373e+09	1.02674e+09	
0	1.62188e+09	1.01707e+09	
0	1.6066e+09	1.00749e+09	
0	1.59145e+09	9.97991e+08	
0	1.57644e+09	9.88576e+08	
0	1.56156e+09	9.79244e+08	
0	1.54681e+09	9.69995e+08	
0	1.53219e+09	9.60826e+08	
0	1.5177e+09	9.51739e+08	
0	1.50333e+09	9.42732e+08	
0	1.4891e+09	9.33805e+08	
0	1.47499e+09	9.24956e+08	
0	1.461e+09	9.16186e+08	
0	1.44714e+09	9.07494e+08	
0	1.4334e+09	8.98878e+08	
0	1.41978e+09	8.90339e+08	
0	1.40629e+09	8.81876e+08	
0	1.39291e+09	8.73488e+08	
0	1.37966e+09	8.65175e+08	
0	1.36652e+09	8.56936e+08	
0	1.3535e+09	8.4877e+08	
0	1.34059e+09	8.40677e+08	
0	1.3278e+09	8.32657e+08	
0	1.31512e+09	8.24708e+08	
0	1.30256e+09	8.1683e+08	
0	1.29011e+09	8.09022e+08	
0	1.27777e+09	8.01285e+08	
0	1.26554e+09	7.93616e+08	
0	1.25343e+09	7.86017e+08	
0	1.24142e+09	7.78485e+08	
0	1.22951e+09	7.71022e+08	
0	1.21772e+09	7.63625e+08	
0	1.20603e+09	7.56295e+08	
0	1.19445e+09	7.49031e+08	
0	1.18297e+09	7.41832e+08	
0	1.17159e+09	7.34699e+08	
0	1.16032e+09	7.27629e+08	
0	1.14915e+09	7.20624e+08	
0	1.13808e+09	7.13681e+08	
0	1.12711e+09	7.06802e+08	
0	1.11623e+09	6.99985e+08	
0	1.10546e+09	6.93229e+08	
0	1.09479e+09	6.86535e+08	
0	1.08421e+09	6.79902e+08	
0	1.07373e+09	6.73328e+08	
0	1.06334e+09	6.66815e+08	
0	1.05305e+09	6.6036e+08	
0	1.04285e+09	6.53965e+08	
0	1.03274e+09	6.47627e+08	
0	1.02273e+09	6.41348e+08	
0	1.01281e+09	6.35125e+08	
0	1.00297e+09	6.2896e+08	
0	9.93231e+08	6.2285e+08	
0	9.83578e+08	6.16797e+08	
0	9.74013e+08	6.10799e+08	
0	9.64536e+08	6.04855e+08	
0	9.55145e+08	5.98967e+08	
0	9.45841e+08	5.93132e+08	
0	9.36621e+08	5.87351e+08	
0	9.27487e+08	5.81622e+08	
0	9.18436e+08	5.75947e+08	
0	9.09469e+08	5.70323e+08	
0	9.00584e+08	5.64751e+08	
0	8.91781e+08	5.59231e+08	
0	8.83058e+08	5.53761e+08	
0	8.74417e+08	5.48342e+08	
0	8.65855e+08	5.42973e+08	
0	8.57372e+08	5.37653e+08	
0	8.48967e+08	5.32383e+08	
0	8.4064e+08	5.27161e+08	
0	8.32391e+08	5.21988e+08	
0	8.24217e+08	5.16862e+08	
0	8.16119e+08	5.11784e+08	
0	8.08097e+08	5.06753e+08	
0	8.00149e+08	5.01769e+08	
0	7.92274e+08	4.96831e+08	
0	7.84473e+08	4.91939e+08	
0	7.76744e+08	4.87092e+08	
0	7.69087e+08	4.82291e+08	
0	7.61502e+08	4.77534e+08	
0	7.53987e+08	4.72821e+08	
0	7.46542e+08	4.68153e+08	
0	7.39167e+08	4.63528e+08	
0	7.3186e+08	4.58946e+08	
0	7.24622e+08	4.54407e+08	
0	7.17451e+08	4.4991e+08	
0	7.10348e+08	4.45455e+08	
0	7.03311e+08	4.41043e+08	
0	6.9634e+08	4.36671e+08	
0	6.89434e+08	4.32341e+08	
0	6.82593e+08	4.28051e+08	
0	6.75816e+08	4.23801e+08	
0	6.69103e+08	4.19591e+08	
0	6.62453e+08	4.15421e+08	
0	6.55866e+08	4.1129e+08	
0	6.4934e+08	4.07198e+08	
0	6.42876e+08	4.03145e+08	
0	6.36473e+08	3.99129e+08	
0	6.30131e+08	3.95152e+08	
0	6.23848e+08	3.91212e+08	
0	6.17625e+08	3.87309e+08	
0	6.1146e+08	3.83443e+08	
0	6.05353e+08	3.79614e+08	
0	5.99305e+08	3.75821e+08	
0	5.93314e+08	3.72064e+08	
0	5.87379e+08	3.68342e+08	
0	5.81501e+08	3.64656e+08	
0	5.75678e+08	3.61005e+08	
0	5.69911e+08	3.57388e+08	
0	5.64199e+08	3.53806e+08	
0	5.5854e+08	3.50258e+08	
0	5.52936e+08	3.46743e+08	
0	5.47385e+08	3.43262e+08	
0	5.41887e+08	3.39815e+08	
0	5.36441e+08	3.364e+08	
0	5.31048e+08	3.33017e+08	
0	5.25705e+08	3.29667e+08	
0	5.20414e+08	3.26349e+08	
0	5.15173e+08	3.23063e+08	
0	5.09983e+08	3.19808e+08	
0	5.04842e+08	3.16584e+08	
0	4.9975e+08	3.13391e+08	
0	4.94707e+08	3.10228e+08	
0	4.89712e+08	3.07096e+08	
0	4.84766e+08	3.03994e+08	
0	4.79866e+08	3.00922e+08	
0	4.75014e+08	2.97879e+08	
0	4.70209e+08	2.94865e+08	
0	4.65449e+08	2.91881e+08	
0	4.60736e+08	2.88925e+08	
0	4.56068e+08	2.85998e+08	
0	4.51444e+08	2.83098e+08	
0	4.46866e+08	2.80227e+08	
0	4.42331e+08	2.77384e+08	
0	4.3784e+08	2.74567e+08	
0	4.33393e+08	2.71779e+08	
0	4.28989e+08	2.69017e+08	
0	4.24627e+08	2.66281e+08	
0	4.20307e+08	2.63573e+08	
0	4.1603e+08	2.6089e+08	
0	4.11793e+08	2.58233e+08	
0	4.07598e+08	2.55603e+08	
0	4.03443e+08	2.52997e+08	
0	3.99329e+08	2.50417e+08	
0	3.95255e+08	2.47862e+08	
0	3.9122e+08	2.45332e+08	
0	3.87225e+08	2.42827e+08	
0	3.83268e+08	2.40345e+08	
0	3.7935e+08	2.37888e+08	
0	3.7547e+08	2.35455e+08	
0	3.71628e+08	2.33046e+08	
0	3.67823e+08	2.3066e+08	
0	3.64055e+08	2.28297e+08	
0	3.60325e+08	2.25958e+08	
0	3.5663e+08	2.23641e+08	
0	3.52972e+08	2.21347e+08	
0	3.4935e+08	2.19075e+08	
0	3.45763e+08	2.16826e+08	
0	3.42211e+08	2.14599e+08	
0	3.38694e+08	2.12393e+08	
0	3.35211e+08	2.10209e+08	
0	3.31763e+08	2.08047e+08	
0	3.28348e+08	2.05906e+08	
0	3.24967e+08	2.03785e+08	
0	3.21619e+08	2.01686e+08	
0	3.18305e+08	1.99607e+08	
0	3.15022e+08	1.97549e+08	
0	3.11772e+08	1.95511e+08	
0	3.08554e+08	1.93493e+08	
0	3.05368e+08	1.91495e+08	
0	3.02213e+08	1.89516e+08	
0	2.9909e+08	1.87558e+08	
0	2.95997e+08	1.85618e+08	
0	2.92934e+08	1.83698e+08	
0	2.89902e+08	1.81796e+08	
0	2.869e+08	1.79914e+08	
0	2.83928e+08	1.7805e+08	
0	2.80985e+08	1.76204e+08	
0	2.78071e+08	1.74377e+08	
0	2.75186e+08	1.72568e+08	
0	2.7233e+08	1.70777e+08	
0	2.69502e+08	1.69003e+08	
0	2.66702e+08	1.67248e+08	
0	2.6393e+08	1.65509e+08	
0	2.61186e+08	1.63788e+08	
0	2.58468e+08	1.62084e+08	
0	2.55778e+08	1.60397e+08	
0	2.53115e+08	1.58727e+08	
0	2.50478e+08	1.57073e+08	
0	2.47867e+08	1.55436e+08	
0	2.45283e+08	1.53816e+08	
0	2.42724e+08	1.52211e+08	
0	2.40191e+08	1.50622e+08	
0	2.37683e+08	1.4905e+08	
0	2.352e+08	1.47493e+08	
0	2.32742e+08	1.45951e+08	
0	2.30308e+08	1.44425e+08	
0	2.27899e+08	1.42914e+08	
0	2.25514e+08	1.41419e+08	
0	2.23153e+08	1.39938e+08	
0	2.20816e+08	1.38473e+08	
0	2.18502e+08	1.37021e+08	
0	2.16211e+08	1.35585e+08	
0	2.13944e+08	1.34163e+08	
0	2.11699e+08	1.32755e+08	
0	2.09476e+08	1.31362e+08	
0	2.07276e+08	1.29982e+08	
0	2.05099e+08	1.28616e+08	
0	2.02943e+08	1.27264e+08	
0	2.00808e+08	1.25926e+08	
0	1.98696e+08	1.24601e+08	
0	1.96604e+08	1.2329e+08	
0	1.94534e+08	1.21991e+08	
0	1.92485e+08	1.20706e+08	
0	1.90456e+08	1.19434e+08	
0	1.88448e+08	1.18175e+08	
0	1.8646e+08	1.16928e+08	
0	1.84492e+08	1.15694e+08	
0	1.82545e+08	1.14473e+08	
0	1.80616e+08	1.13264e+08	
0	1.78708e+08	1.12067e+08	
0	1.76819e+08	1.10882e+08	
0	1.74949e+08	1.09709e+08	
0	1.73098e+08	1.08549e+08	
0	1.71265e+08	1.074e+08	
0	1.69452e+08	1.06262e+08	
0	1.67657e+08	1.05137e+08	
0	1.6588e+08	1.04022e+08	
0	1.64121e+08	1.02919e+08	
0	1.6238e+08	1.01828e+08	
0	1.60657e+08	1.00747e+08	
0	1.58951e+08	9.96773e+07	
0	1.57263e+08	9.86186e+07	
0	1.55592e+08	9.75707e+07	
0	1.53938e+08	9.65335e+07	
0	1.52301e+08	9.55069e+07	
0	1.5068e+08	9.44908e+07	
0	1.49076e+08	9.34851e+07	
0	1.47489e+08	9.24896e+07	
0	1.45918e+08	9.15044e+07	
0	1.44363e+08	9.05292e+07	
0	1.42824e+08	8.9564e+07	
0	1.413e+08	8.86087e+07	
0	1.39793e+08	8.76632e+07	
0	1.383e+08	8.67274e+07	
0	1.36823e+08	8.58012e+07	
0	1.35362e+08	8.48845e+07	
0	1.33915e+08	8.39773e+07	
0	1.32483e+08	8.30793e+07	
0	1.31066e+08	8.21906e+07	
0	1.29663e+08	8.1311e+07	
0	1.28275e+08	8.04405e+07	
0	1.26901e+08	7.9579e+07	
0	1.25541e+08	7.87263e+07	
0	1.24196e+08	7.78825e+07	
0	1.22864e+08	7.70473e+07	
0	1.21546e+08	7.62207e+07	
0	1.20241e+08	7.54027e+07	
0	1.1895e+08	7.45931e+07	
0	1.17673e+08	7.37919e+07	
0	1.16408e+08	7.2999e+07	
0	1.15157e+08	7.22143e+07	
0	1.13919e+08	7.14377e+07	
0	1.12693e+08	7.06692e+07	
0	1.1148e+08	6.99086e+07	
0	1.1028e+08	6.91559e+07	
0	1.09092e+08	6.8411e+07	
0	1.07916e+08	6.76738e+07	
0	1.06753e+08	6.69443e+07	
0	1.05602e+08	6.62223e+07	
0	1.04462e+08	6.55079e+07	
0	1.03335e+08	6.48008e+07	
0	1.02219e+08	6.41012e+07	
0	1.01115e+08	6.34088e+07	
0	1.00023e+08	6.27236e+07	
0	9.89413e+07	6.20456e+07	
0	9.78713e+07	6.13746e+07	
0	9.68124e+07	6.07106e+07	
0	9.57647e+07	6.00535e+07	
0	9.47278e+07	5.94033e+07	
0	9.37018e+07	5.87599e+07	
0	9.26864e+07	5.81232e+07	
0	9.16817e+07	5.74931e+07	
0	9.06875e+07	5.68697e+07	
0	8.97037e+07	5.62527e+07	
0	8.87302e+07	5.56422e+07	
0	8.77668e+07	5.50381e+07	
0	8.68136e+07	5.44404e+07	
0	8.58703e+07	5.38488e+07	
0	8.4937e+07	5.32635e+07	
0	8.40134e+07	5.26844e+07	
0	8.30995e+07	5.21113e+07	
0	8.21952e+07	5.15442e+07	
0	8.13004e+07	5.09831e+07	
0	8.0415e+07	5.04278e+07	
0	7.95389e+07	4.98784e+07	
0	7.8672e+07	4.93348e+07	
0	7.78142e+07	4.87969e+07	
0	7.69655e+07	4.82647e+07	
0	7.61257e+07	4.7738e+07	
0	7.52948e+07	4.7217e+07	
0	7.44726e+07	4.67014e+07	
0	7.3659e+07	4.61912e+07	
0	7.28541e+07	4.56864e+07	
0	7.20576e+07	4.5187e+07	
0	7.12696e+07	4.46928e+07	
0	7.04899e+07	4.42038e+07	
0	6.97184e+07	4.37201e+07	
0	6.89551e+07	4.32414e+07	
0	6.81998e+07	4.27678e+07	
0	6.74526e+07	4.22992e+07	
0	6.67132e+07	4.18355e+07	
0	6.59817e+07	4.13768e+07	
0	6.5258e+07	4.09229e+07	
0	6.45419e+07	4.04739e+07	
0	6.38334e+07	4.00296e+07	
0	6.31324e+07	3.959e+07	
0	6.24388e+07	3.91551e+07	
0	6.17527e+07	3.87248e+07	
0	6.10738e+07	3.82991e+07	
0	6.04021e+07	3.78779e+07	
0	5.97376e+07	3.74611e+07	
0	5.90801e+07	3.70488e+07	
0	5.84297e+07	3.66409e+07	
0	5.77861e+07	3.62374e+07	
0	5.71494e+07	3.58381e+07	
0	5.65195e+07	3.54431e+07	
0	5.58963e+07	3.50523e+07	
0	5.52798e+07	3.46657e+07	
0	5.46698e+07	3.42832e+07	
0	5.40664e+07	3.39048e+07	
0	5.34694e+07	3.35304e+07	
0	5.28788e+07	3.316e+07	
0	5.22944e+07	3.27936e+07	
0	5.17164e+07	3.24311e+07	
0	5.11445e+07	3.20724e+07	
0	5.05787e+07	3.17177e+07	
0	5.0019e+07	3.13667e+07	
0	4.94653e+07	3.10194e+07	
0	4.89175e+07	3.06759e+07	
0	4.83756e+07	3.03361e+07	
0	4.78395e+07	2.99999e+07	
0	4.73092e+07	2.96673e+07	
0	4.67845e+07	2.93383e+07	
0	4.62655e+07	2.90129e+07	
0	4.57521e+07	2.86909e+07	
0	4.52441e+07	2.83724e+07	
0	4.47417e+07	2.80573e+07	
0	4.42446e+07	2.77456e+07	
0	4.37529e+07	2.74372e+07	
0	4.32665e+07	2.71322e+07	
0	4.27853e+07	2.68304e+07	
0	4.23093e+07	2.65319e+07	
0	4.18384e+07	2.62367e+07	
0	4.13726e+07	2.59446e+07	
0	4.09119e+07	2.56556e+07	
0	4.04561e+07	2.53698e+07	
0	4.00052e+07	2.5087e+07	
0	3.95592e+07	2.48074e+07	
0	3.9118e+07	2.45307e+07	
0	3.86816e+07	2.4257e+07	
0	3.82499e+07	2.39863e+07	
0	3.78228e+07	2.37185e+07	
0	3.74004e+07	2.34536e+07	
0	3.69826e+07	2.31916e+07	
0	3.65693e+07	2.29324e+07	
0	3.61605e+07	2.2676e+07	
0	3.57561e+07	2.24224e+07	
0	3.5356e+07	2.21716e+07	
0	3.49604e+07	2.19235e+07	
0	3.4569e+07	2.1678e+07	
0	3.41818e+07	2.14353e+07	
0	3.37989e+07	2.11951e+07	
0	3.34201e+07	2.09576e+07	
0	3.30455e+07	2.07227e+07	
0	3.26749e+07	2.04903e+07	
0	3.23084e+07	2.02604e+07	
0	3.19458e+07	2.00331e+07	
0	3.15872e+07	1.98082e+07	
0	3.12325e+07	1.95857e+07	
0	3.08817e+07	1.93657e+07	
0	3.05346e+07	1.91481e+07	
0	3.01914e+07	1.89329e+07	
0	2.98519e+07	1.872e+07	
0	2.95161e+07	1.85094e+07	
0	2.9184e+07	1.83011e+07	
0	2.88555e+07	1.80952e+07	
0	2.85306e+07	1.78914e+07	
0	2.82093e+07	1.76899e+07	
0	2.78914e+07	1.74906e+07	
0	2.75771e+07	1.72934e+07	
0	2.72662e+07	1.70985e+07	
0	2.69586e+07	1.69056e+07	
0	2.66545e+07	1.67149e+07	
0	2.63537e+07	1.65262e+07	
0	2.60561e+07	1.63397e+07	
0	2.57619e+07	1.61551e+07	
0	2.54708e+07	1.59726e+07	
0	2.5183e+07	1.57921e+07	
0	2.48983e+07	1.56136e+07	
0	2.46168e+07	1.54371e+07	
0	2.43383e+07	1.52624e+07	
0	2.40629e+07	1.50897e+07	
0	2.37905e+07	1.49189e+07	
0	2.35212e+07	1.475e+07	
0	2.32547e+07	1.45829e+07	
0	2.29913e+07	1.44177e+07	
0	2.27307e+07	1.42543e+07	
0	2.2473e+07	1.40927e+07	
0	2.22181e+07	1.39328e+07	
0	2.1966e+07	1.37748e+07	
0	2.17167e+07	1.36184e+07	
0	2.14702e+07	1.34638e+07	
0	2.12264e+07	1.3311e+07	
0	2.09852e+07	1.31597e+07	
0	2.07468e+07	1.30102e+07	
0	2.0511e+07	1.28623e+07	
0	2.02777e+07	1.27161e+07	
0	2.00471e+07	1.25714e+07	
0	1.9819e+07	1.24284e+07	
0	1.95934e+07	1.22869e+07	
0	1.93704e+07	1.2147e+07	
0	1.91497e+07	1.20087e+07	
0	1.89316e+07	1.18719e+07	
0	1.87158e+07	1.17366e+07	
0	1.85025e+07	1.16028e+07	
0	1.82915e+07	1.14705e+07	
0	1.80829e+07	1.13397e+07	
0	1.78765e+07	1.12103e+07	
0	1.76725e+07	1.10823e+07	
0	1.74707e+07	1.09558e+07	
0	1.72712e+07	1.08307e+07	
0	1.70738e+07	1.07069e+07	
0	1.68787e+07	1.05846e+07	
0	1.66858e+07	1.04636e+07	
0	1.6495e+07	1.03439e+07	
0	1.63063e+07	1.02256e+07	
0	1.61197e+07	1.01086e+07	
0	1.59352e+07	9.99287e+06	
0	1.57527e+07	9.87845e+06	
0	1.55723e+07	9.76531e+06	
0	1.53939e+07	9.65343e+06	
0	1.52175e+07	9.5428e+06	
0	1.5043e+07	9.4334e+06	
0	1.48705e+07	9.32523e+06	
0	1.46999e+07	9.21826e+06	
0	1.45313e+07	9.11248e+06	
0	1.43645e+07	9.00789e+06	
0	1.41995e+07	8.90446e+06	
0	1.40365e+07	8.8022e+06	
0	1.38752e+07	8.70107e+06	
0	1.37158e+07	8.60108e+06	
0	1.35581e+07	8.5022e+06	
0	1.34022e+07	8.40444e+06	
0	1.3248e+07	8.30777e+06	
0	1.30956e+07	8.21218e+06	
0	1.29449e+07	8.11766e+06	
0	1.27958e+07	8.0242e+06	
0	1.26485e+07	7.93179e+06	
0	1.25028e+07	7.84041e+06	
0	1.23587e+07	7.75007e+06	
0	1.22162e+07	7.66073e+06	
0	1.20754e+07	7.5724e+06	
0	1.19361e+07	7.48506e+06	
0	1.17984e+07	7.3987e+06	
0	1.16622e+07	7.31332e+06	
0	1.15276e+07	7.22889e+06	
0	1.13945e+07	7.14542e+06	
0	1.12629e+07	7.06288e+06	
0	1.11327e+07	6.98127e+06	
0	1.1004e+07	6.90058e+06	
0	1.08768e+07	6.8208e+06	
0	1.0751e+07	6.74192e+06	
0	1.06267e+07	6.66393e+06	
0	1.05037e+07	6.58682e+06	
0	1.03821e+07	6.51057e+06	
0	1.02619e+07	6.43519e+06	
0	1.01431e+07	6.36066e+06	
0	1.00255e+07	6.28697e+06	
0	9.90936e+06	6.21411e+06	
0	9.79449e+06	6.14208e+06	
0	9.68092e+06	6.07086e+06	
0	9.56863e+06	6.00044e+06	
0	9.45762e+06	5.93082e+06	
0	9.34785e+06	5.86199e+06	
0	9.23933e+06	5.79394e+06	
0	9.13204e+06	5.72666e+06	
0	9.02597e+06	5.66014e+06	
0	8.92109e+06	5.59437e+06	
0	8.81741e+06	5.52935e+06	
0	8.7149e+06	5.46507e+06	
0	8.61355e+06	5.40151e+06	
0	8.51335e+06	5.33868e+06	
0	8.41429e+06	5.27656e+06	
0	8.31636e+06	5.21514e+06	
0	8.21953e+06	5.15443e+06	
0	8.12381e+06	5.0944e+06	
0	8.02917e+06	5.03505e+06	
0	7.93561e+06	4.97638e+06	
0	7.84311e+06	4.91838e+06	
0	7.75167e+06	4.86103e+06	
0	7.66126e+06	4.80434e+06	
0	7.57189e+06	4.74829e+06	
0	7.48353e+06	4.69288e+06	
0	7.39618e+06	4.63811e+06	
0	7.30982e+06	4.58395e+06	
0	7.22445e+06	4.53042e+06	
0	7.14005e+06	4.47749e+06	
0	7.05661e+06	4.42517e+06	
0	6.97413e+06	4.37344e+06	
0	6.89258e+06	4.3223e+06	
0	6.81197e+06	4.27175e+06	
0	6.73228e+06	4.22178e+06	
0	6.6535e+06	4.17237e+06	
0	6.57561e+06	4.12353e+06	
0	6.49862e+06	4.07525e+06	
0	6.42251e+06	4.02752e+06	
0	6.34727e+06	3.98034e+06	
0	6.27289e+06	3.9337e+06	
0	6.19936e+06	3.88759e+06	
0	6.12667e+06	3.842e+06	
0	6.05482e+06	3.79694e+06	
0	5.98378e+06	3.7524e+06	
0	5.91357e+06	3.70837e+06	
0	5.84415e+06	3.66484e+06	
0	5.77554e+06	3.62181e+06	
0	5.7077e+06	3.57927e+06	
0	5.64065e+06	3.53722e+06	
0	5.57437e+06	3.49566e+06	
0	5.50885e+06	3.45457e+06	
0	5.44408e+06	3.41395e+06	
0	5.38005e+06	3.3738e+06	
0	5.31676e+06	3.33411e+06	
0	5.2542e+06	3.29488e+06	
0	5.19236e+06	3.2561e+06	
0	5.13122e+06	3.21776e+06	
0	5.0708e+06	3.17987e+06	
0	5.01106e+06	3.14241e+06	
0	4.95202e+06	3.10538e+06	
0	4.89365e+06	3.06878e+06	
0	4.83596e+06	3.0326e+06	
0	4.77893e+06	2.99684e+06	
0	4.72256e+06	2.96149e+06	
0	4.66684e+06	2.92655e+06	
0	4.61176e+06	2.89201e+06	
0	4.55732e+06	2.85787e+06	
0	4.5035e+06	2.82412e+06	
0	4.45031e+06	2.79077e+06	
0	4.39773e+06	2.75779e+06	
0	4.34576e+06	2.7252e+06	
0	4.29439e+06	2.69299e+06	
0	4.24361e+06	2.66114e+06	
0	4.19342e+06	2.62967e+06	
0	4.14381e+06	2.59856e+06	
0	4.09477e+06	2.56781e+06	
0	4.0463e+06	2.53741e+06	
0	3.99839e+06	2.50737e+06	
0	3.95104e+06	2.47768e+06	
0	3.90424e+06	2.44833e+06	
0	3.85797e+06	2.41932e+06	
0	3.81225e+06	2.39064e+06	
0	3.76705e+06	2.3623e+06	
0	3.72238e+06	2.33428e+06	
0	3.67822e+06	2.3066e+06	
0	3.63458e+06	2.27923e+06	
0	3.59145e+06	2.25218e+06	
0	3.54881e+06	2.22544e+06	
0	3.50667e+06	2.19902e+06	
0	3.46503e+06	2.1729e+06	
0	3.42386e+06	2.14708e+06	
0	3.38317e+06	2.12157e+06	
0	3.34296e+06	2.09635e+06	
0	3.30321e+06	2.07143e+06	
0	3.26393e+06	2.04679e+06	
0	3.2251e+06	2.02244e+06	
0	3.18673e+06	1.99838e+06	
0	3.1488e+06	1.97459e+06	
0	3.11131e+06	1.95109e+06	
0	3.07426e+06	1.92785e+06	
0	3.03764e+06	1.90489e+06	
0	3.00145e+06	1.8822e+06	
0	2.96568e+06	1.85977e+06	
0	2.93033e+06	1.8376e+06	
0	2.89539e+06	1.81569e+06	
0	2.86086e+06	1.79403e+06	
0	2.82673e+06	1.77263e+06	
0	2.793e+06	1.75148e+06	
0	2.75967e+06	1.73057e+06	
0	2.72672e+06	1.70991e+06	
0	2.69416e+06	1.68949e+06	
0	2.66198e+06	1.66931e+06	
0	2.63018e+06	1.64937e+06	
0	2.59875e+06	1.62966e+06	
0	2.56768e+06	1.61018e+06	
0	2.53698e+06	1.59093e+06	
0	2.50664e+06	1.5719e+06	
0	2.47665e+06	1.5531e+06	
0	2.44702e+06	1.53451e+06	
0	2.41773e+06	1.51615e+06	
0	2.38879e+06	1.498e+06	
0	2.36018e+06	1.48006e+06	
0	2.33191e+06	1.46233e+06	
0	2.30398e+06	1.44481e+06	
0	2.27637e+06	1.4275e+06	
0	2.24908e+06	1.41039e+06	
0	2.22212e+06	1.39348e+06	
0	2.19547e+06	1.37677e+06	
0	2.16913e+06	1.36025e+06	
0	2.14311e+06	1.34393e+06	
0	2.11738e+06	1.3278e+06	
0	2.09197e+06	1.31186e+06	
0	2.06685e+06	1.29611e+06	
0	2.04203e+06	1.28054e+06	
0	2.01749e+06	1.26516e+06	
0	1.99325e+06	1.24996e+06	
0	1.96929e+06	1.23493e+06	
0	1.94562e+06	1.22009e+06	
0	1.92222e+06	1.20542e+06	
0	1.8991e+06	1.19092e+06	
0	1.87626e+06	1.17659e+06	
0	1.85368e+06	1.16243e+06	
0	1.83136e+06	1.14844e+06	
0	1.80932e+06	1.13461e+06	
0	1.78753e+06	1.12095e+06	
0	1.766e+06	1.10745e+06	
0	1.74472e+06	1.0941e+06	
0	1.72369e+06	1.08092e+06	
0	1.70291e+06	1.06789e+06	
0	1.68238e+06	1.05501e+06	
0	1.66209e+06	1.04229e+06	
0	1.64204e+06	1.02972e+06	
0	1.62223e+06	1.01729e+06	
0	1.60265e+06	1.00502e+06	
0	1.58331e+06	992883	
0	1.56419e+06	980894	
0	1.5453e+06	969048	
0	1.52663e+06	957341	
0	1.50818e+06	945774	
0	1.48996e+06	934343	
0	1.47194e+06	923048	
0	1.45414e+06	911887	
0	1.43656e+06	900858	
0	1.41918e+06	889960	
0	1.40201e+06	879191	
0	1.38504e+06	868550	
0	1.36827e+06	858035	
0	1.3517e+06	847645	
0	1.33533e+06	837379	
0	1.31915e+06	827234	
0	1.30317e+06	817210	
0	1.28737e+06	807305	
0	1.27177e+06	797518	
0	1.25635e+06	787848	
0	1.24111e+06	778292	
0	1.22605e+06	768850	
0	1.21117e+06	759520	
0	1.19647e+06	750302	
0	1.18195e+06	741193	
0	1.1676e+06	732193	
0	1.15341e+06	723300	
0	1.1394e+06	714513	
0	1.12556e+06	705830	
0	1.11188e+06	697252	
0	1.09836e+06	688775	
0	1.085e+06	680400	
0	1.07181e+06	672124	
0	1.05877e+06	663948	
0	1.04588e+06	655869	
0	1.03315e+06	647886	
0	1.02058e+06	639999	
0	1.00815e+06	632206	
0	995872	624506	
0	983740	616898	
0	971753	609381	
0	959910	601954	
0	948208	594616	
0	936646	587366	
0	925223	580203	
0	913936	573125	
0	902785	566132	
0	891767	559223	
0	880881	552396	
0	870126	545652	
0	859500	538988	
0	849001	532404	
0	838628	525899	
0	828379	519472	
0	818253	513122	
0	808249	506849	
0	798365	500651	
0	788600	494527	
0	778952	488477	
0	769420	482499	
0	760002	476593	
0	750698	470759	
0	741505	464994	
0	732423	459299	
0	723450	453672	
0	714586	448113	
0	705828	442621	
0	697175	437195	
0	688627	431834	
0	680181	426538	
0	671837	421306	
0	663594	416136	
0	655450	411030	
0	647405	405984	
0	639456	401000	
0	631603	396075	
0	623845	391210	
0	616181	386404	
0	608609	381656	
0	601129	376965	
0	593738	372330	
0	586438	367752	
0	579225	363229	
0	572100	358761	
0	565060	354346	
0	558106	349985	
0	551236	345677	
0	544449	341421	
0	537744	337217	
0	531120	333063	
0	524577	328959	
0	518112	324906	
0	511726	320901	
0	505418	316945	
0	499186	313037	
0	493029	309176	
0	486947	305362	
0	480939	301594	
0	475003	297872	
0	469140	294195	
0	463348	290563	
0	457626	286975	
0	451973	283430	
0	446389	279928	
0	440873	276469	
0	435424	273052	
0	430041	269677	
0	424724	266342	
0	419471	263048	
0	414283	259794	
0	409157	256580	
0	404093	253405	
0	399092	250268	
0	394151	247170	
0	389270	244109	
0	384449	241086	
0	379686	238099	
0	374982	235149	
0	370334	232235	
0	365744	229356	
0	361209	226512	
0	356730	223704	
0	352305	220929	
0	347935	218188	
0	343617	215481	
0	339353	212806	
0	335140	210165	
0	330979	207555	
0	326868	204977	
0	322808	202431	
0	318798	199916	
0	314836	197432	
0	310923	194978	
0	307058	192554	
0	303240	190160	
0	299469	187795	
0	295744	185459	
0	292064	183152	
0	288430	180873	
0	284840	178622	
0	281294	176398	
0	277791	174201	
0	274332	172032	
0	270914	169889	
0	267539	167772	
0	264205	165682	
0	260912	163617	
0	257659	161577	
0	254446	159562	
0	251273	157572	
0	248139	155606	
0	245043	153665	
0	241985	151747	
0	238964	149853	
0	235981	147983	
0	233035	146135	
0	230124	144310	
0	227250	142507	
0	224410	140727	
0	221606	138968	
0	218836	137231	
0	216101	135516	
0	213398	133821	
0	210730	132147	
0	208094	130494	
0	205490	128862	
0	202919	127249	
0	200379	125657	
0	197871	124084	
0	195393	122530	
0	192946	120995	
0	190529	119480	
0	188142	117983	
0	185785	116505	
0	183456	115044	
0	181156	113602	
0	178885	112178	
0	176642	110771	
0	174426	109382	
0	172238	108010	
0	170077	106654	
0	167942	105316	
0	165834	103994	
0	163752	102688	
0	161696	101399	
0	159665	100125	
0	157659	98867.3	
0	155678	97625	
0	153722	96398.2	
0	151790	95186.5	
0	149881	93989.9	
0	147997	92808	
0	146135	91640.8	
0	144297	90488.1	
0	142482	89349.6	
0	140689	88225.2	
0	138918	87114.8	
0	137169	86018.2	
0	135442	84935.1	
0	133737	83865.5	
0	132052	82809.2	
0	130388	81765.9	
0	128746	80735.7	
0	127123	79718.2	
0	125521	78713.3	
0	123938	77720.9	
0	122375	76740.9	
0	120832	75773	
0	119308	74817.2	
0	117802	73873.2	
0	116316	72941	
0	114848	72020.4	
0	113398	71111.2	
0	111966	70213.3	
0	110552	69326.6	
0	109156	68450.9	
0	107777	67586.2	
0	106415	66732.2	
0	105070	65888.8	
0	103742	65056	
0	102430	64233.5	
0	101135	63421.2	
0	99855.9	62619.1	
0	98592.8	61827	
0	97345.4	61044.8	
0	96113.6	60272.3	
0	94897.1	59509.5	
0	93695.8	58756.2	
0	92509.5	58012.2	
0	91338	57277.6	
0	90181.1	56552.1	
0	89038.7	55835.7	
0	87910.5	55128.2	
0	86796.5	54429.6	
0	85696.3	53739.7	
0	84609.9	53058.4	
0	83537.1	52385.7	
0	82477.7	51721.3	
0	81431.5	51065.3	
0	80398.4	50417.5	
0	79378.3	49777.7	
0	78370.9	49146	
0	77376.1	48522.2	
0	76393.8	47906.1	
0	75423.7	47297.8	
0	74465.8	46697.1	
0	73519.9	46104	
0	72585.9	45518.2	
0	71663.5	44939.8	
0	70752.7	44368.7	
0	69853.4	43804.7	
0	68965.3	43247.8	
0	68088.3	42697.8	
0	67222.3	42154.8	
0	66367.2	41618.5	
0	65522.8	41089	
0	64689.1	40566.2	
0	63865.7	40049.9	
0	63052.8	39540.1	
0	62250	39036.6	
0	61457.3	38539.6	
0	60674.6	38048.7	
0	59901.7	37564	
0	59138.5	37085.4	
0	58384.9	36612.8	
0	57640.7	36146.2	
0	56906	35685.4	
0	56180.4	35230.5	
0	55464	34781.2	
0	54756.6	34337.6	
0	54058.1	33899.6	
0	53368.4	33467.1	
0	52687.4	33040	
0	52014.9	32618.3	
0	51351	32201.9	
0	50695.3	31790.8	
0	50048	31384.8	
0	49408.8	30984	
0	48777.6	30588.2	
0	48154.4	30197.4	
0	47539.1	29811.5	
0	46931.5	29430.5	
0	46331.6	29054.3	
0	45739.2	28682.8	
0	45154.3	28316.1	
0	44576.8	27953.9	
0	44006.6	27596.3	
0	43443.6	27243.3	
0	42887.7	26894.7	
0	42338.8	26550.5	
0	41796.9	26210.6	
0	41261.8	25875	
0	40733.4	25543.7	
0	40211.7	25216.6	
0	39696.7	24893.6	
0	39188.1	24574.7	
0	38686	24259.8	
0	38190.2	23948.9	
0	37700.7	23641.9	
0	37217.4	23338.8	
0	36740.1	23039.6	
0	36269	22744.1	
0	35803.8	22452.4	
0	35344.5	22164.3	
0	34891	21880	
0	34443.2	21599.2	
0	34001.1	21321.9	
0	33564.7	21048.2	
0	33133.7	20778	
0	32708.2	20511.2	
0	32288.1	20247.7	
0	31873.4	19987.6	
0	31463.9	19730.8	
0	31059.6	19477.3	
0	30660.4	19227	
0	30266.3	18979.8	
0	29877.1	18735.8	
0	29493	18494.9	
0	29113.7	18257	
0	28739.2	18022.2	
0	28369.5	17790.3	
0	28004.4	17561.4	
0	27644	17335.4	
0	27288.2	17112.3	
0	26936.9	16892	
0	26590.1	16674.5	
0	26247.7	16459.8	
0	25909.6	16247.8	
0	25575.9	16038.5	
0	25246.3	15831.9	
0	24921	15627.8	
0	24599.8	15426.4	
0	24282.7	15227.6	
0	23969.7	15031.3	
0	23660.6	14837.4	
0	23355.5	14646.1	
0	23054.2	14457.2	
0	22756.8	14270.7	
0	22463.2	14086.5	
0	22173.3	13904.8	
0	21887.1	13725.3	
0	21604.5	13548.1	
0	21325.6	13373.2	
0	21050.2	13200.5	
0	20778.4	13030	
0	20510	12861.7	
0	20245	12695.5	
0	19983.4	12531.5	
0	19725.1	12369.5	
0	19470.2	12209.6	
0	19218.5	12051.8	
0	18970	11896	
0	18724.7	11742.1	
0	18482.5	11590.3	
0	18243.4	11440.3	
0	18007.4	11292.3	
0	17774.3	11146.2	
0	17544.3	11001.9	
0	17317.2	10859.5	
0	17093	10718.9	
0	16871.7	10580.2	
0	16653.2	10443.1	
0	16437.5	10307.9	
0	16224.6	10174.3	
0	16014.4	10042.5	
0	15806.8	9912.38	
0	15602	9783.91	
0	15399.7	9657.09	
0	15200.1	9531.89	
0	15003	9408.29	
0	14808.4	9286.28	
0	14616.3	9165.83	
0	14426.7	9046.93	
0	14239.5	8929.55	
0	14054.8	8813.67	
0	13872.4	8699.28	
0	13692.3	8586.36	
0	13514.5	8474.88	
0	13339	8364.84	
0	13165.8	8256.21	
0	12994.8	8148.97	
0	12826	8043.11	
0	12659.3	7938.6	
0	12494.8	7835.44	
0	12332.4	7733.61	
0	12172.1	7633.08	
0	12013.9	7533.84	
0	11857.7	7435.88	
0	11703.5	7339.18	
0	11551.2	7243.72	
0	11401	7149.49	
0	11252.6	7056.47	
0	11106.2	6964.65	
0	10961.7	6874	
0	10819	6784.53	
0	10678.1	6696.2	
0	10539.1	6609.01	
0	10401.8	6522.94	
0	10266.4	6437.98	
0	10132.6	6354.12	
0	10000.6	6271.33	
0	9870.3	6189.62	
0	9741.67	6108.95	
0	9614.69	6029.32	
0	9489.35	5950.72	
0	9365.62	5873.13	
0	9243.49	5796.54	
0	9122.93	5720.94	
0	9003.93	5646.32	
0	8886.46	5572.65	
0	8770.51	5499.94	
0	8656.05	5428.17	
0	8543.07	5357.32	
0	8431.55	5287.38	
0	8321.47	5218.35	
0	8212.81	5150.21	
0	8105.55	5082.95	
0	7999.67	5016.55	
0	7895.17	4951.02	
0	7792.01	4886.33	
0	7690.19	4822.48	
0	7589.68	4759.45	
0	7490.47	4697.24	
0	7392.54	4635.83	
0	7295.88	4575.21	
0	7200.47	4515.38	
0	7106.29	4456.32	
0	7013.33	4398.03	
0	6921.58	4340.49	
0	6831.01	4283.69	
0	6741.61	4227.63	
0	6653.37	4172.29	
0	6566.27	4117.68	
0	6480.3	4063.76	
0	6395.44	4010.55	
0	6311.69	3958.03	
0	6229.01	3906.18	
0	6147.41	3855.01	
0	6066.86	3804.5	
0	5987.36	3754.64	
0	5908.89	3705.44	
0	5831.44	3656.86	
0	5754.99	3608.92	
0	5679.53	3561.6	
0	5605.05	3514.9	
0	5531.54	3468.8	
0	5458.98	3423.3	
0	5387.36	3378.38	
0	5316.67	3334.06	
0	5246.9	3290.3	
0	5178.03	3247.12	
0	5110.06	3204.49	
0	5042.97	3162.42	
0	4976.75	3120.89	
0	4911.39	3079.91	
0	4846.88	3039.46	
0	4783.21	2999.53	
0	4720.37	2960.12	
0	4658.34	2921.22	
0	4597.12	2882.83	
0	4536.7	2844.94	
0	4477.06	2807.54	
0	4418.2	2770.63	
0	4360.1	2734.2	
0	4302.76	2698.24	
0	4246.17	2662.75	
0	4190.31	2627.72	
0	4135.18	2593.15	
0	4080.76	2559.02	
0	4027.06	2525.35	
0	3974.05	2492.11	
0	3921.73	2459.3	
0	3870.1	2426.92	
0	3819.14	2394.96	
0	3768.84	2363.42	
0	3719.2	2332.29	
0	3670.2	2301.57	
0	3621.85	2271.24	
0	3574.12	2241.31	
0	3527.02	2211.77	
0	3480.53	2182.62	
0	3434.64	2153.85	
0	3389.36	2125.45	
0	3344.66	2097.42	
0	3300.55	2069.76	
0	3257.02	2042.46	
0	3214.05	2015.52	
0	3171.65	1988.92	
0	3129.8	1962.68	
0	3088.49	1936.78	
0	3047.72	1911.21	
0	3007.49	1885.98	
0	2967.78	1861.08	
0	2928.59	1836.51	
0	2889.92	1812.25	
0	2851.75	1788.32	
0	2814.07	1764.69	
0	2776.89	1741.38	
0	2740.2	1718.37	
0	2703.99	1695.66	
0	2668.25	1673.24	
0	2632.98	1651.13	
0	2598.16	1629.3	
0	2563.81	1607.75	
0	2529.9	1586.49	
0	2496.44	1565.51	
0	2463.42	1544.8	
0	2430.83	1524.36	
0	2398.66	1504.19	
0	2366.92	1484.28	
0	2335.59	1464.64	
0	2304.68	1445.25	
0	2274.16	1426.12	
0	2244.05	1407.23	
0	2214.34	1388.6	
0	2185.01	1370.21	
0	2156.07	1352.06	
0	2127.5	1334.15	
0	2099.31	1316.47	
0	2071.49	1299.02	
0	2044.04	1281.81	
0	2016.95	1264.82	
0	1990.21	1248.05	
0	1963.82	1231.5	
0	1937.78	1215.17	
0	1912.08	1199.06	
0	1886.72	1183.15	
0	1861.69	1167.46	
0	1836.99	1151.97	
0	1812.62	1136.68	
0	1788.56	1121.6	
0	1764.82	1106.71	
0	1741.39	1092.02	
0	1718.27	1077.52	
0	1695.46	1063.21	
0	1672.94	1049.09	
0	1650.73	1035.16	
0	1628.8	1021.41	
0	1607.16	1007.84	
0	1585.81	994.451	
0	1564.73	981.236	
0	1543.94	968.195	
0	1523.42	955.326	
0	1503.16	942.626	
0	1483.18	930.093	
0	1463.46	917.726	
0	1443.99	905.521	
0	1424.79	893.477	
0	1405.83	881.591	
0	1387.13	869.863	
0	1368.67	858.288	
0	1350.46	846.867	
0	1332.49	835.595	
0	1314.75	824.473	
0	1297.25	813.497	
0	1279.97	802.665	
0	1262.93	791.977	
0	1246.11	781.429	
0	1229.51	771.021	
0	1213.13	760.75	
0	1196.97	750.614	
0	1181.02	740.613	
0	1165.28	730.743	
0	1149.75	721.003	
0	1134.43	711.392	
0	1119.3	701.908	
0	1104.38	692.549	
0	1089.65	683.314	
0	1075.12	674.201	
0	1060.78	665.208	
0	1046.63	656.334	
0	1032.66	647.577	
0	1018.88	638.936	
0	1005.29	630.41	
0	991.868	621.995	
0	978.628	613.693	
0	965.563	605.5	
0	952.671	597.415	
0	939.949	589.437	
0	927.396	581.565	
0	915.008	573.797	
0	902.785	566.132	
0	890.723	558.568	
0	878.821	551.104	
0	867.077	543.739	
0	855.488	536.472	
0	844.052	529.301	
0	832.768	522.225	
0	821.633	515.242	
0	810.646	508.352	
0	799.805	501.553	
0	789.107	494.845	
0	778.551	488.225	
0	768.135	481.693	
0	757.856	475.248	
0	747.715	468.888	
0	737.707	462.612	
0	727.833	456.42	
0	718.089	450.31	
0	708.474	444.281	
0	698.987	438.331	
0	689.626	432.461	
0	680.39	426.669	
0	671.275	420.953	
0	662.282	415.314	
0	653.408	409.749	
0	644.652	404.258	
0	636.013	398.84	
0	627.488	393.494	
0	619.076	388.219	
0	610.776	383.014	
0	602.586	377.879	
0	594.505	372.811	
0	586.531	367.811	
0	578.664	362.877	
0	570.901	358.009	
0	563.241	353.206	
0	555.683	348.466	
0	548.226	343.79	
0	540.868	339.175	
0	533.607	334.622	
0	526.444	330.13	
0	519.375	325.697	
0	512.401	321.324	
0	505.519	317.008	
0	498.729	312.75	
0	492.03	308.549	
0	485.419	304.404	
0	478.897	300.314	
0	472.461	296.278	
0	466.112	292.296	
0	459.846	288.367	
0	453.665	284.491	
0	447.565	280.666	
0	441.547	276.892	
0	435.609	273.168	
0	429.751	269.494	
0	423.97	265.869	
0	418.267	262.293	
0	412.639	258.764	
0	407.087	255.282	
0	401.608	251.847	
0	396.203	248.457	
0	390.87	245.112	
0	385.608	241.813	
0	380.416	238.557	
0	375.294	235.345	
0	370.239	232.175	
0	365.253	229.048	
0	360.333	225.963	
0	355.478	222.919	
0	350.689	219.915	
0	345.963	216.952	
0	341.301	214.028	
0	336.701	211.143	
0	332.162	208.297	
0	327.684	205.489	
0	323.266	202.718	
0	318.907	199.985	
0	314.606	197.288	
0	310.363	194.627	
0	306.176	192.001	
0	302.046	189.411	
0	297.97	186.856	
0	293.949	184.334	
0	289.982	181.846	
0	286.068	179.392	
0	282.207	176.971	
0	278.397	174.581	
0	274.638	172.224	
0	270.93	169.899	
0	267.271	167.604	
0	263.661	165.34	
0	260.099	163.107	
0	256.585	160.903	
0	253.119	158.729	
0	249.698	156.584	
0	246.324	154.468	
0	242.994	152.381	
0	239.71	150.321	
0	236.469	148.289	
0	233.272	146.284	
0	230.118	144.306	
0	227.006	142.354	
0	223.935	140.429	
0	220.906	138.529	
0	217.918	136.655	
0	214.969	134.806	
0	212.06	132.982	
0	209.191	131.182	
0	206.359	129.407	
0	203.566	127.655	
0	200.81	125.927	
0	198.091	124.222	
0	195.409	122.54	
0	192.763	120.881	
0	190.152	119.243	
0	187.577	117.628	
0	185.035	116.035	
0	182.529	114.463	
0	180.055	112.912	
0	177.615	111.382	
0	175.208	109.872	
0	172.833	108.383	
0	170.49	106.914	
0	168.179	105.464	
0	165.899	104.034	
0	163.649	102.623	
0	161.43	101.232	
0	159.24	99.8586	
0	157.08	98.504	
0	154.949	97.1676	
0	152.847	95.8493	
0	150.772	94.5486	
0	148.726	93.2655	
0	146.708	91.9997	
0	144.716	90.7508	
0	142.752	89.5188	
0	140.814	88.3034	
0	138.901	87.1044	
0	137.015	85.9215	
0	135.154	84.7546	
0	133.318	83.6033	
0	131.507	82.4676	
0	129.721	81.3472	
0	127.958	80.2419	
0	126.219	79.1515	
0	124.504	78.0757	
0	122.812	77.0145	
0	121.142	75.9676	
0	119.495	74.9348	
0	117.87	73.916	
0	116.268	72.9109	
0	114.687	71.9193	
0	113.127	70.9411	
0	111.588	69.9762	
0	110.07	69.0242	
0	108.572	68.0851	
0	107.095	67.1587	
0	105.638	66.2447	
0	104.2	65.3432	
0	102.781	64.4537	
0	101.382	63.5763	
0	100.002	62.7108	
0	98.6405	61.8569	
0	97.2972	61.0146	
0	95.9722	60.1837	
0	94.665	59.3639	
0	93.3755	58.5553	
0	92.1034	57.7576	
0	90.8486	56.9707	
0	89.6106	56.1944	
0	88.3895	55.4286	
0	87.1848	54.6731	
0	85.9964	53.9279	
0	84.8241	53.1928	
0	83.6677	52.4676	
0	82.5269	51.7522	
0	81.4015	51.0465	
0	80.2914	50.3503	
0	79.1963	49.6636	
0	78.116	48.9861	
0	77.0503	48.3178	
0	75.9991	47.6586	
0	74.962	47.0083	
0	73.9391	46.3668	
0	72.9299	45.734	
0	71.9345	45.1098	
0	70.9525	44.494	
0	69.9839	43.8865	
0	69.0283	43.2873	
0	68.0857	42.6962	
0	67.1559	42.1131	
0	66.2387	41.5379	
0	65.3339	40.9705	
0	64.4414	40.4109	
0	63.5609	39.8587	
0	62.6925	39.3141	
0	61.8358	38.7769	
0	60.9907	38.2469	
0	60.157	37.7242	
0	59.3347	37.2085	
0	58.5235	36.6998	
0	57.7234	36.198	
0	56.9341	35.7031	
0	56.1555	35.2148	
0	55.3875	34.7332	
0	54.6299	34.2581	
0	53.8826	33.7895	
0	53.1454	33.3272	
0	52.4182	32.8712	
0	51.701	32.4214	
0	50.9934	31.9777	
0	50.2955	31.54	
0	49.607	31.1083	
0	48.928	30.6825	
0	48.2581	30.2624	
0	47.5973	29.848	
0	46.9455	29.4393	
0	46.3026	29.0361	
0	45.6684	28.6384	
0	45.0429	28.2461	
0	44.4258	27.8592	
0	43.8171	27.4775	
0	43.2167	27.101	
0	42.6245	26.7296	
0	42.0404	26.3633	
0	41.4641	26.0019	
0	40.8958	25.6455	
0	40.3351	25.2939	
0	39.7821	24.9471	
0	39.2366	24.6051	
0	38.6985	24.2677	
0	38.1678	23.9348	
0	37.6443	23.6065	
0	37.1279	23.2827	
0	36.6185	22.9633	
0	36.1161	22.6482	
0	35.6205	22.3375	
0	35.1317	22.0309	
0	34.6495	21.7286	
0	34.174	21.4303	
0	33.7048	21.1361	
0	33.2421	20.846	
0	32.7857	20.5597	
0	32.3355	20.2774	
0	31.8914	19.999	
0	31.4534	19.7243	
0	31.0214	19.4534	
0	30.5953	19.1861	
0	30.1749	18.9226	
0	29.7604	18.6626	
0	29.3514	18.4061	
0	28.9481	18.1532	
0	28.5502	17.9037	
0	28.1578	17.6576	
0	27.7707	17.4149	
0	27.3889	17.1754	
0	27.0123	16.9393	
0	26.6409	16.7064	
0	26.2745	16.4766	
0	25.9132	16.25	
0	25.5567	16.0265	
0	25.2052	15.806	
0	24.8584	15.5886	
0	24.5164	15.3741	
0	24.179	15.1626	
0	23.8463	14.9539	
0	23.5181	14.7481	
0	23.1944	14.5451	
0	22.8751	14.3449	
0	22.5602	14.1474	
0	22.2496	13.9526	
0	21.9432	13.7605	
0	21.641	13.571	
0	21.343	13.3841	
0	21.049	13.1997	
0	20.759	13.0179	
0	20.4731	12.8386	
0	20.191	12.6617	
0	19.9128	12.4872	
